baseMean	log2FoldChange	lfcSE	stat	pvalue	padj
Sm_t00005069-RA	91.9861248250418	-11.3253433531976	1.20209501306443	-8.93468755503603	4.08330439499478e-19	3.08899566811186e-18
Sm_t00015501-RA	145.984208781058	-11.209353543679	1.19527002782365	-8.88866389716462	6.18481044002323e-19	4.6366594198878e-18
Sm_t00015502-RA	94.7505926128145	-10.6646774643568	1.2016026646316	-8.38852788949763	4.92267294422529e-17	3.40256787987157e-16
Sm_t00022507-RA	48.256797933268	-10.5672854685955	1.22229988705558	-8.16680552318623	3.16662764568855e-16	2.11846117758553e-15
Sm_t00016639-RA	69.1007936804279	-10.0607713360361	1.3939480861589	-6.79779356930509	1.06233523076663e-11	5.61077370770781e-11
Sm_t00007145-RA	40.0875496210661	-10.0328129584013	1.22021293788672	-7.74275756718649	9.72834299052266e-15	6.06492281198078e-14
Sm_t00012734-RA	29.6413016820251	-9.84920298798711	2.18595836358179	-4.23805098135871	2.25468577553959e-05	7.59833211590905e-05
Sm_t00016391-RA	29.5928367752538	-9.81185919577408	1.81674524014768	-5.07878539702354	3.79855486346381e-07	1.50086164410769e-06
Sm_t00008386-RA	52.1428695006708	-9.69453773463015	1.8982252000949	-4.79897629331584	1.59478667837329e-06	5.9484900332159e-06
Sm_t00010673-RA	307.3341974172	-9.53854840094727	0.573821881974987	-15.603358258369	6.90635570394178e-55	1.6295477806836e-53
Sm_t00017876-RA	236.599922258133	-9.53470874022183	0.618969005231937	-14.4590579892902	2.1978523015063e-47	4.21795203208432e-46
Sm_t00016386-RA	20.7213696604691	-9.47841588098654	1.27028407702546	-7.00112363984889	2.53917734144122e-12	1.38862823879606e-11
Sm_t00008556-RA	46.3381558037515	-9.45633432438152	1.22298985256191	-7.25380861157426	4.05212593982382e-13	2.3140320159611e-12
Sm_t00008784-RA	19.7469077762721	-9.39300728550064	1.25737488822735	-7.00507650341118	2.46850911884057e-12	1.35086809795158e-11
Sm_t00013366-RA	23.8288561879739	-9.37642489540156	1.25461195282272	-7.00728609800184	2.42985086166811e-12	1.33058697086349e-11
Sm_t00008993-RA	21.1301327775133	-9.35768200023857	1.25746864457098	-6.97646182917872	3.02706532930346e-12	1.64840975009928e-11
Sm_t00009812-RA	336.390782593168	-9.34855525529336	1.35465788975576	-6.46920179741723	9.85219517430329e-11	4.91960033613741e-10
Sm_t00006432-RA	101.184520580482	-9.32944999097038	1.31541389589941	-6.64767950090068	2.97749763815427e-11	1.52565843298597e-10
Sm_t00020188-RA	22.4159684241564	-9.25936655278457	1.25344578929812	-6.92041620534849	4.50318624357957e-12	2.42450150114895e-11
Sm_t00015706-RA	38.5753940028385	-9.14489695069359	1.22931236793392	-6.96315857057555	3.32726940051316e-12	1.80598415359231e-11
Sm_t00008781-RA	185.048187946955	-9.1342676065748	0.623099790124002	-13.7205432293171	7.64901549922971e-43	1.28444859058638e-41
Sm_t00005136-RA	572.560141850123	-9.08441736512948	0.382469257707254	-22.2224850595313	2.08223795325206e-109	1.50808347066403e-107
Sm_t00011845-RA	33.6164345640335	-9.08240727374907	1.23497051887709	-6.88065597021333	5.95775749246872e-12	3.19216224861833e-11
Sm_t00011837-RA	18.0744084380419	-9.07910569827377	1.29026045238295	-6.5832488956677	4.60277649136576e-11	2.33691342982423e-10
Sm_t00005255-RA	231.150670118115	-9.0664229204356	0.976424173344194	-8.6862074413697	3.74740329873504e-18	2.7367051359197e-17
Sm_t00005366-RA	65.8639147662064	-8.98413532448913	1.05672920765763	-7.94823807615471	1.89182821612841e-15	1.22100249609714e-14
Sm_t00003984-RA	562.537203563439	-8.97920922426862	0.536286805772833	-15.6524627007593	3.19608106441761e-55	7.6057597672955e-54
Sm_t00005775-RA	82.7716890157881	-8.96755532743975	0.870235857476184	-9.63250968737421	5.8288161065378e-22	4.91627436469401e-21
Sm_t00007681-RA	165.924836298714	-8.96492813721708	0.813867276826733	-10.2964308503598	7.31242353746634e-25	6.88194075068442e-24
Sm_t00015480-RA	12.9620645010549	-8.85206654843127	1.30576749118006	-6.33119342017014	2.43272151568663e-10	1.18492032188035e-09
Sm_t00008831-RA	146.291959392976	-8.84716400652354	0.665322872748741	-12.418277418284	2.07991682630959e-35	2.86104496223494e-34
Sm_t00004660-RA	71.5271855119757	-8.81909339727233	0.876317488931575	-9.3962445132888	5.65453434010659e-21	4.59703431124918e-20
Sm_t00011095-RA	35.4543211027946	-8.78596120918381	1.25423753174326	-6.53860293734421	6.20961398061906e-11	3.12979575458857e-10
Sm_t00007672-RA	515.676745628828	-8.75005138863624	0.364904776703078	-22.3758413425213	6.76692515544106e-111	5.14718900636243e-109
Sm_t00001550-RA	50.8684632840559	-8.70565904557493	1.3558159995445	-5.98949934821771	2.1048797526089e-09	9.64331323403712e-09
Sm_t00018521-RA	12.9853501845365	-8.70153540180777	1.88289721779493	-4.31066301713118	1.62765786181492e-05	5.55718890389689e-05
Sm_t00004452-RA	90.6888255778401	-8.69349351737126	0.760938898885013	-10.6559061828124	1.63643093704377e-26	1.64214858730573e-25
Sm_t00012491-RA	57.4955750267771	-8.64517211974069	1.06966599559359	-7.53522328740372	4.87499917458941e-14	2.92640490992109e-13
Sm_t00000685-RA	12.1535314976471	-8.57333777876756	1.31514747236982	-6.07410039299474	1.24684709477506e-09	5.80815964898295e-09
Sm_t00013402-RA	225.987738744997	-8.55547269233811	0.495348703556035	-16.0906299645467	2.96801931511128e-58	7.66531251955407e-57
Sm_t00004106-RA	21.8318539637229	-8.553701899791	1.7331587207746	-4.59779119146661	4.26993612972902e-06	1.53129377931165e-05
Sm_t00005126-RA	312.262342035312	-8.55177072303631	0.426589768870255	-18.6754847499856	7.83751616277008e-78	3.27211389071238e-76
Sm_t00016364-RA	171.903915296633	-8.5353730449716	0.545096323813856	-14.585262636419	3.48577925190751e-48	6.78342415634057e-47
Sm_t00015529-RA	10.905511128248	-8.53161012755973	1.3279037801407	-5.9843267610231	2.17286714988181e-09	9.95205416077294e-09
Sm_t00019142-RA	126.002292698389	-8.53138849348305	0.821361814717531	-9.67465050249	3.86409648709643e-22	3.27906873571331e-21
Sm_t00017084-RA	239.791981122918	-8.49973650205721	0.450390979487239	-17.5730351239893	3.96386786678686e-69	1.34207542530357e-67
Sm_t00006416-RA	111.365899987637	-8.47210498081916	0.680556967034016	-11.5891914459307	4.67525032881369e-31	5.47296696959793e-30
Sm_t00019156-RA	856.486233589039	-8.42073311986549	0.26878931143624	-29.1519520549247	7.89138453298928e-187	2.79690816064969e-184
Sm_t00021039-RA	63.2862439961209	-8.39656305813118	2.80710338759744	-2.78278423682036	0.00538946341826097	0.0138738497328684
Sm_t00005139-RA	292.735961796537	-8.39511482158882	0.41892163590115	-18.6433789813418	1.42921186962692e-77	5.8930226050112e-76
Sm_t00004446-RA	63.8534473730014	-8.39080764755174	0.77710680670553	-10.0447037398163	9.69385256656218e-24	8.80961244155989e-23
Sm_t00003251-RA	95.7464999723464	-8.3887334458892	1.38338126765139	-5.64105762335344	1.69008783672565e-08	7.31069415325261e-08
Sm_t00011757-RA	257.8852823706	-8.34072589692659	0.44091621334253	-17.5900220092417	2.93763503814107e-69	1.00071829172503e-67
Sm_t00012628-RA	17.4180624698788	-8.33127186100923	1.26775449154601	-6.11023026356055	9.94874928437361e-10	4.65784894826013e-09
Sm_t00014045-RA	64.5800653132848	-8.32708993401165	0.870277005851526	-8.8961214440411	5.78322948357703e-19	4.34341914956836e-18
Sm_t00003150-RA	11.9826400252526	-8.32400497880586	1.35024811258318	-5.73154289695709	9.95211719412954e-09	4.385776937032e-08
Sm_t00005770-RA	21.1287150705418	-8.31710554498544	1.26650162178054	-6.10508933586291	1.02743197718045e-09	4.80487419311399e-09
Sm_t00014311-RA	223.402009446643	-8.30093045236041	0.460671763558834	-16.7493019167323	5.72946542010295e-63	1.68030695366329e-61
Sm_t00007606-RA	249.677767071418	-8.29803401348066	0.421542342098849	-18.2971750241688	8.71522954499079e-75	3.39996004122849e-73
Sm_t00009878-RA	19.4245080176848	-8.28960762041609	1.27404390645461	-6.04736428735517	1.4723459661209e-09	6.81855410165192e-09
Sm_t00016389-RA	128.119281113439	-8.28885773114352	0.63002426982945	-12.2278745439902	2.2063642095549e-34	2.91002494083655e-33
Sm_t00016479-RA	57.7574256121001	-8.24545922671941	1.17702160093366	-6.50834209044495	7.59847256368147e-11	3.81251072186162e-10
Sm_t00016647-RA	32.1946245444093	-8.24212528057417	1.08862245571164	-7.033774877966	2.01019368973156e-12	1.10550698195934e-11
Sm_t00012494-RA	321.493840136874	-8.24095879011537	0.393925903929315	-19.4350224591707	3.90243446307673e-84	1.78589981554759e-82
Sm_t00018495-RA	458.75762467591	-8.20169219947487	0.311943179079314	-24.416921767468	1.13074280987088e-131	1.36492128455283e-129
Sm_t00014125-RA	226.074130731783	-8.17795184875946	0.427357227700912	-17.7672245994478	1.26811508122057e-70	4.55264246184747e-69
Sm_t00000218-RA	849.459011117159	-8.1666959359671	0.319618782833313	-23.7210587837108	2.18652320434219e-124	2.23454622932099e-122
Sm_t00003807-RA	13.6425603780391	-8.16465097658208	1.92570166450046	-3.93604633381688	8.28349867797746e-05	0.000263937492306328
Sm_t00008364-RA	34.468781250445	-8.1578444714803	1.10485306494155	-6.8541643334998	7.17305864699879e-12	3.82141528918213e-11
Sm_t00000220-RA	29.7428449889287	-8.14513907168305	1.40337507107111	-5.38711227491938	7.15987114182821e-08	2.97280990729248e-07
Sm_t00014117-RA	110.563306249397	-8.1374885509806	0.720811110545873	-10.4777637864947	1.0929752287291e-25	1.06285939055279e-24
Sm_t00011988-RA	94.0831714267715	-8.12960677994446	0.697816809467799	-10.8117297800528	3.02903772597728e-27	3.11083294940379e-26
Sm_t00002716-RA	98.306719218691	-8.10916370547779	0.90071835756366	-8.35351432808563	6.62613704355154e-17	4.55543503390349e-16
Sm_t00005157-RA	348.839189523798	-8.1071844665349	0.525220263327504	-14.321961644965	1.59555065714419e-46	3.01687660008035e-45
Sm_t00016616-RA	16.6900306925618	-8.10040442827848	1.28671483636108	-5.84076923332336	5.19603383232286e-09	2.3298931784343e-08
Sm_t00002728-RA	80.5015620047365	-8.09873754225994	1.14519367237958	-6.56110640800806	5.34099893884508e-11	2.70016268052447e-10
Sm_t00008228-RA	80.7518372390527	-8.08553996266096	0.700203951004499	-10.7119360750547	8.9470827524368e-27	9.09338038377622e-26
Sm_t00013367-RA	211.492745998081	-8.08015151245767	0.762515040773199	-9.82951300850078	8.40240991233074e-23	7.34351229378833e-22
Sm_t00010540-RA	76.7683888595999	-8.07974002997687	0.755959659781329	-9.91420631114737	3.61115082659885e-23	3.2082426917058e-22
Sm_t00014912-RA	421.259356309599	-8.06604604464559	0.316907244277993	-23.6064216887487	3.31115584838674e-123	3.34286267408644e-121
Sm_t00002171-RA	1015.26216932528	-8.04108757402478	0.405982497498691	-18.3655394505001	2.47973523481479e-75	9.78849041268835e-74
Sm_t00014441-RA	7.93757149060229	-8.02998658211235	2.50014152685471	-2.97782605590272	0.00290300685373576	0.00773732610712485
Sm_t00014245-RA	111.523932255255	-8.02577289379019	0.590385872443962	-12.6032366983789	2.02654273347742e-36	2.84878893284952e-35
Sm_t00018097-RA	391.391491090971	-8.01646113057633	0.355250767249864	-20.9189164828726	3.60205003866624e-97	2.11277991352473e-95
Sm_t00012726-RA	11.476676706381	-8.01319631118311	1.35616535088805	-5.47735296903061	4.31735477717602e-08	1.82118247349198e-07
Sm_t00022149-RA	6.91063424714788	-8.00856918441982	1.45784507434918	-5.09215232471384	3.54021495619363e-07	1.40144726093806e-06
Sm_t00011624-RA	417.313101416045	-8.00166340889748	0.55888054882025	-13.2705699358359	3.42962341780907e-40	5.37953548906436e-39
Sm_t00007641-RA	92.2750607619611	-7.95900803621689	0.631774797285641	-11.6718933200542	1.77429955038101e-31	2.12024977835343e-30
Sm_t00014946-RA	367.507627082958	-7.94850628558096	0.350758702821118	-20.9930822139465	7.58633070495409e-98	4.48131549230941e-96
Sm_t00016365-RA	7.35218869912864	-7.91970097793013	2.39145249244448	-3.06704858286053	0.00216183717520823	0.00584418754700076
Sm_t00007605-RA	16.8766405869282	-7.91361951278476	1.27589800900546	-5.74389133070071	9.25251793765984e-09	4.08503694157269e-08
Sm_t00000227-RA	605.768044662786	-7.91318395762538	0.602507431397815	-12.1628109061228	4.90416604848721e-34	6.37733005743169e-33
Sm_t00006111-RA	68.1933561273989	-7.90763156599306	0.712909138153997	-10.271479455228	9.47404712167481e-25	8.89620501425361e-24
Sm_t00003659-RA	1444.18044773321	-7.90710941236911	0.251654670877375	-29.0958613517529	4.0498843748663e-186	1.34925947833046e-183
Sm_t00002301-RA	14.508597042142	-7.87558973410851	1.28710502965623	-5.66433163271511	1.4759870515065e-08	6.41288270839733e-08
Sm_t00004753-RA	55.7169289848001	-7.86657707081245	0.795975507492442	-9.14799136690974	5.80019326245517e-20	4.5446669504223e-19
Sm_t00021554-RA	6.60816480040745	-7.85108061773132	1.44396951763674	-5.03201800937135	4.8534365879569e-07	1.9023187454632e-06
Sm_t00011731-RA	623.603283167372	-7.8420013616943	0.325804266979974	-22.2741139303137	6.58676592776644e-110	4.83358356056094e-108
Sm_t00001739-RA	8.52798279169249	-7.84027381881499	1.41791830216941	-5.11684898044862	3.10682178176028e-07	1.23369337879768e-06
Sm_t00004449-RA	179.160213388594	-7.82408050452394	0.408224169702644	-17.7331011777107	2.32829984115566e-70	8.30510037558266e-69
Sm_t00000124-RA	82.8012655566679	-7.82275319106492	0.657167020800528	-11.013567269776	3.28724758907603e-28	3.50569592438083e-27
Sm_t00002839-RA	25.5940340563666	-7.81224984261414	1.10209790774619	-6.55772031850961	5.46365554457113e-11	2.75965961374972e-10
Sm_t00013009-RA	49.4653293100467	-7.80744640196159	1.73520803801228	-4.16229422855547	3.15066018641923e-05	0.000104507561500142
Sm_t00016622-RA	7.09812416501445	-7.80108032322022	1.58439678731256	-4.55446538455817	5.25189716417777e-06	1.87096028573296e-05
Sm_t00004553-RA	31.0182862305566	-7.79202418387093	0.993093617847279	-7.25714479919178	3.95346428018934e-13	2.25923869569104e-12
Sm_t00014787-RA	7.75484362620868	-7.76703125349576	1.43219643822002	-5.01469704981379	5.31170913402511e-07	2.07413152261112e-06
Sm_t00013132-RA	16.2687012973842	-7.76325789305678	1.31364817541818	-5.46436863947357	4.64557239259922e-08	1.95517799181197e-07
Sm_t00011123-RA	59.5117857611322	-7.75534029017415	0.783632046771938	-9.15013662306353	5.68615895582729e-20	4.45741345346687e-19
Sm_t00004442-RA	64.4770587897277	-7.74773058356269	0.6564838525505	-10.9107490698131	1.02408993768491e-27	1.06421024216814e-26
Sm_t00014874-RA	66.87765530758	-7.74723614020704	0.738649186149021	-9.69639752471353	3.12332072066036e-22	2.66948571394357e-21
Sm_t00012904-RA	29.0873811510447	-7.73874583829305	1.08255627018687	-6.6081976847801	3.89026990638154e-11	1.98238348426136e-10
Sm_t00008963-RA	96.0079291572181	-7.73337141789294	0.616721429808698	-11.5909243174999	4.58161364194904e-31	5.36712517915521e-30
Sm_t00010908-RA	192.500851735558	-7.72970251738449	0.462656158998273	-15.4427913222942	8.43685232113072e-54	1.93582763037735e-52
Sm_t00006415-RA	68.4031215153241	-7.72631675873893	1.47060134565219	-4.85605210402678	1.19749204274187e-06	4.52639492806762e-06
Sm_t00014816-RA	536.485786370068	-7.72408083154559	0.260427820977856	-27.4128962287505	1.92508335285026e-165	4.01994347826758e-163
Sm_t00004447-RA	191.022826204634	-7.72032637758244	0.407529209735379	-17.5087483476721	1.22865994312504e-68	4.1181121393515e-67
Sm_t00008908-RA	288.763231126482	-7.71744477926039	0.743378273641934	-9.59463712104117	8.42129086685947e-22	7.05288402514555e-21
Sm_t00006577-RA	27.6960030291204	-7.71505801506126	1.08322204813348	-6.58226817608374	4.63324893197515e-11	2.35091869353768e-10
Sm_t00002303-RA	163.058723391323	-7.69947367445761	0.428037433943584	-16.6211483161898	4.89853068745763e-62	1.39725555122721e-60
Sm_t00002813-RA	463.107279534249	-7.69507387440918	0.291348106840722	-24.4040503695335	1.54898113907843e-131	1.84306627248346e-129
Sm_t00006743-RA	93.4766712147571	-7.69486617703656	0.562634935754449	-12.636730720432	1.32447416246078e-36	1.87133932131227e-35
Sm_t00010925-RA	60.8824928022373	-7.68731821318546	0.84068531247549	-8.44824824198713	2.95706102843124e-17	2.06535524576971e-16
Sm_t00002300-RA	445.888440745381	-7.68072421162641	0.463949290366922	-15.2941805472202	8.36065283465168e-53	1.86192185721427e-51
Sm_t00006257-RA	541.095420524863	-7.65549476499128	0.284058600663814	-24.8909723151079	9.31850516613093e-137	1.28287321535049e-134
Sm_t00006258-RA	247.459406812759	-7.65517560185174	0.61195695168387	-11.5533871825417	7.09672812925884e-31	8.27272898370845e-30
Sm_t00010679-RA	275.097163143588	-7.61499918854228	0.346315314934258	-20.299417569439	1.30117908586775e-91	6.77345037887028e-90
Sm_t00018100-RA	806.24805904938	-7.59919804980816	0.229652995856764	-30.5425932879315	7.09194050094453e-205	3.81088854402368e-202
Sm_t00016642-RA	493.302996484457	-7.59873012861702	0.46259910969009	-15.1615729077294	6.35294788932724e-52	1.37975757419052e-50
Sm_t00002443-RA	496.252617623855	-7.59699065079514	0.483261340995475	-14.5097280828445	1.05136511546011e-47	2.03174479041004e-46
Sm_t00017264-RA	617.938206226435	-7.59421263111375	0.293162934867891	-23.9089318514032	2.47298356793949e-126	2.60727596675545e-124
Sm_t00012354-RA	36.9026385963766	-7.59174142685964	0.898466052568653	-7.79856000883712	6.26175752940678e-15	3.95257131204464e-14
Sm_t00017083-RA	780.886693549087	-7.59079377398176	0.303580422412997	-23.0772251988336	7.84105175845988e-118	6.91091217949337e-116
Sm_t00021488-RA	77.1864332659938	-7.58942448645062	0.772956240635984	-9.06186420163633	1.28239788761833e-19	9.90365508203342e-19
Sm_t00015576-RA	477.789727653246	-7.58599818583252	0.5131917119391	-13.6420718085629	2.25074092907813e-42	3.73063108423716e-41
Sm_t00001936-RA	152.286873754206	-7.56248869679815	1.28438311191794	-5.43256029455168	5.55511741222622e-08	2.32155408562128e-07
Sm_t00007585-RA	639.075753311441	-7.55509202033602	0.270395704497329	-25.7773770234019	1.59050653730381e-146	2.52330075222922e-144
Sm_t00005628-RA	133.222762628955	-7.55470213599246	0.481526635782013	-14.4741777880542	1.76422749036041e-47	3.39751462825708e-46
Sm_t00002834-RA	126.355033518548	-7.53307432534901	0.46567613932645	-14.9204001205616	2.42812990539972e-50	4.97512767086699e-49
Sm_t00003670-RA	117.767023333668	-7.53107480144904	0.757945903267051	-9.16434111129655	4.98505714315161e-20	3.91334033414795e-19
Sm_t00005002-RA	404.924771836523	-7.53040072214725	0.780065385257191	-8.90361353472609	5.40574270507109e-19	4.0635768042001e-18
Sm_t00007556-RA	235.47492016318	-7.52946940173015	0.415915190515484	-16.6968400291492	1.38192307639335e-62	3.98271186964714e-61
Sm_t00009994-RA	438.969462350291	-7.52544478293865	0.610049090986158	-11.3768627566009	5.45261039119994e-30	6.19574242132392e-29
Sm_t00017027-RA	500.7984601846	-7.51709856018957	0.283663890736993	-24.4377193804228	6.79767965683248e-132	8.32615792084672e-130
Sm_t00014838-RA	138.390485156987	-7.51585106046694	0.442672163372841	-15.6568486431559	2.98317164963626e-55	7.11943744120929e-54
Sm_t00004448-RA	111.420228215797	-7.50819412725104	0.484965228524367	-14.2756505416206	3.10377862485741e-46	5.80929711605334e-45
Sm_t00013186-RA	299.249971893979	-7.48991766080748	0.378380426729103	-18.2486121718737	2.12232612879334e-74	8.22179271010222e-73
Sm_t00002502-RA	59.6821073457807	-7.48806390705094	0.709648480228228	-9.72744126053912	2.30313327919464e-22	1.98169391347233e-21
Sm_t00018476-RA	35.7032639239058	-7.48775152275119	0.908890558773633	-7.59470043573242	3.08505283998753e-14	1.86672031269569e-13
Sm_t00000715-RA	27.3387267792621	-7.48481949425779	1.08978404153034	-6.3313640421534	2.4300324074042e-10	1.18395670788357e-09
Sm_t00015513-RA	2075.73575916786	-7.48269629278401	0.407871704978645	-16.9114361417769	3.70566165944545e-64	1.12030693145267e-62
Sm_t00019835-RA	76.6041931481554	-7.47860394434914	0.601843699026812	-11.4541432526355	2.24168775981886e-30	2.57531273814225e-29
Sm_t00014172-RA	222.564953255469	-7.44845432728853	0.587329354451619	-11.685869734362	1.50530728024029e-31	1.80528500174533e-30
Sm_t00000706-RA	34.8121783691464	-7.44513173803128	0.987890838858789	-6.94422042212285	3.8055591977161e-12	2.05687881620879e-11
Sm_t00001549-RA	167.769319072973	-7.44443883625891	0.459626949816572	-14.9239265430288	2.30312127289549e-50	4.73062813364896e-49
Sm_t00015514-RA	1899.83158434288	-7.44370249533527	0.447823925661591	-15.315623177575	6.01327692490699e-53	1.3445525773839e-51
Sm_t00005367-RA	50.7836152706412	-7.43335108926795	1.04929156203522	-6.52664267687884	6.72602459329823e-11	3.38598119296349e-10
Sm_t00009669-RA	47.9661039040746	-7.43247160386222	0.732260774277309	-9.35113807047797	8.67096330841743e-21	7.00149814792136e-20
Sm_t00014355-RA	67.1322606626545	-7.43008449278204	0.689220570687174	-9.93163115540396	3.03253577009977e-23	2.70138935071241e-22
Sm_t00015353-RA	169.601209903637	-7.42860038032831	0.494403228733848	-13.8421433813338	1.41911079997633e-43	2.43205223312816e-42
Sm_t00018113-RA	11.5462470850624	-7.42336491496341	1.31061338895022	-5.21768278320492	1.81175401967903e-07	7.31286611577741e-07
Sm_t00000128-RA	151.992456929184	-7.41980013855164	0.437118562132368	-15.6360327166384	4.13712849378068e-55	9.81713482185166e-54
Sm_t00007377-RA	137.079892634052	-7.41733191056659	0.50977049888453	-13.4027605079481	5.82553419521049e-41	9.30409862165066e-40
Sm_t00015642-RA	117.59604825492	-7.41109818534535	0.970825004109257	-7.0312344206754	2.04714222748236e-12	1.12508397312442e-11
Sm_t00010910-RA	82.0790481542628	-7.40761275948473	0.570614336443291	-11.9566094360876	5.99605203125055e-33	7.52692047751105e-32
Sm_t00015656-RA	62.8937092811493	-7.40594755719671	0.625148731303425	-10.9109196190403	1.02217032785003e-27	1.06287848447727e-26
Sm_t00009890-RA	35.9072958840217	-7.40522856364177	0.993649138691616	-6.86381973079782	6.70432258881776e-12	3.58180261977313e-11
Sm_t00007548-RA	1060.98557969629	-7.3994890739082	0.268824986730159	-25.3491654804709	9.17883736016514e-142	1.39000975223301e-139
Sm_t00008180-RA	119.856433043237	-7.39506652351874	0.488288798138833	-13.9468006423167	3.29037632988276e-44	5.78176043282563e-43
Sm_t00002360-RA	963.497421984422	-7.39274073364305	0.203250381928838	-33.4943564141817	5.8236043529647e-246	4.55473869597783e-243
Sm_t00010979-RA	578.094558230078	-7.38090840582729	0.238462725875	-28.4988288248858	1.21123745916393e-178	3.47875751633668e-176
Sm_t00010364-RA	17.6122323767554	-7.37730214231978	1.15688661081697	-5.87119090048347	4.32675692588221e-09	1.94744979387587e-08
Sm_t00015655-RA	7.25925688109339	-7.36829393742377	1.54502716254502	-4.39040432548131	1.13140087953826e-05	3.92234669122754e-05
Sm_t00007171-RA	24.2681093583507	-7.35963463671263	1.10891383085118	-6.10925253904767	1.00098830104873e-09	4.68515400923567e-09
Sm_t00009953-RA	27.8533047698287	-7.35539970344156	0.904039041607687	-7.48905676839078	6.9370333687165e-14	4.12851382122471e-13
Sm_t00016417-RA	101.877469248753	-7.3507386619351	0.515332429839654	-13.1288819996061	2.24953096314018e-39	3.45370385105891e-38
Sm_t00000401-RA	317.716673614364	-7.34852007987914	0.410268605122239	-16.4855901607776	4.65724885563489e-61	1.29733196383221e-59
Sm_t00009887-RA	140.245542443306	-7.32712393384835	0.506812229079547	-13.3030016779452	2.22358965426021e-40	3.51095321902053e-39
Sm_t00004899-RA	355.215922079063	-7.32700849026272	0.544786955286354	-12.3754954571534	3.54698707196426e-35	4.84309103645743e-34
Sm_t00015712-RA	81.3264262051835	-7.31049417326828	0.51874168691296	-12.9650158121893	1.93190563208766e-38	2.88624968783105e-37
Sm_t00004754-RA	44.9747407576706	-7.30964186519933	1.37655446889304	-4.88512588289148	1.03362793634629e-06	3.93019268743586e-06
Sm_t00004451-RA	92.1789896675673	-7.30028395909152	0.529871365858294	-12.6734230075143	8.30113800848556e-37	1.17886067302091e-35
Sm_t00010909-RA	251.722132804404	-7.29948839309528	0.348866234505211	-19.2465986357731	1.50740680321406e-82	6.78658987241615e-81
Sm_t00004552-RA	4.34965810440356	-7.29213569016924	1.60426719993975	-4.18080958734377	2.90473034077467e-05	9.658083436452e-05
Sm_t00006234-RA	51.0651067607587	-7.2892121478857	0.798071868774466	-8.40051179623812	4.44536883664103e-17	3.08032254911673e-16
Sm_t00009879-RA	16.0851709822519	-7.28090755185612	1.26430965716211	-5.29609776681281	1.18303515098676e-07	4.82896337788223e-07
Sm_t00019226-RA	23.2097150532254	-7.28037116304391	1.07901925451109	-6.20505253734106	5.46786331017601e-10	2.60164715855218e-09
Sm_t00000153-RA	1039.35233699841	-7.2802140570239	0.271681080656219	-24.6436521853206	4.30447578148241e-134	5.60187168499484e-132
Sm_t00004445-RA	90.1766348997321	-7.2780025972706	1.25270217400962	-5.34285222468144	9.14953516700512e-08	3.7716643606031e-07
Sm_t00018472-RA	130.527184175569	-7.27625021807081	0.724459651999074	-9.23619445141903	2.5542009487977e-20	2.02705475965089e-19
Sm_t00005560-RA	4.67270163521923	-7.26496795137838	1.50700110193122	-4.43262313665067	9.30935033630269e-06	3.25241522445743e-05
Sm_t00003421-RA	97.8746665802828	-7.25423362441434	0.533088222795366	-12.5105626784301	6.5359598013977e-36	9.13389415869823e-35
Sm_t00004443-RA	92.2898433120619	-7.25153311200666	0.480484041988252	-13.8746191953024	9.02712328107844e-44	1.551845403676e-42
Sm_t00016599-RA	10.5266334785704	-7.24688684165307	1.34656662479906	-4.94731320304868	7.52448534922783e-07	2.90179766416848e-06
Sm_t00012635-RA	1766.64979662886	-7.23827040735435	0.254547678258488	-26.1376196902416	1.36282122511338e-150	2.34039958432358e-148
Sm_t00011397-RA	11.1819746280721	-7.23643564855005	1.3272461111543	-5.01145612155183	5.40197020155651e-07	2.10740092781097e-06
Sm_t00016979-RA	182.90052295835	-7.2355007295129	0.377923510492425	-17.597478179771	2.57539197637661e-69	8.82734146964641e-68
Sm_t00015028-RA	4.09923148440807	-7.23212471350103	1.62400856787241	-4.09303549562508	4.25762513944696e-05	0.000139778320009672
Sm_t00002893-RA	37.4981893163627	-7.23209370248062	0.808066885237439	-8.22592018546517	1.93697972097131e-16	1.31110151125315e-15
Sm_t00005242-RA	51.0229232456971	-7.22910815623938	1.34802992031602	-4.92875421836469	8.27556028275385e-07	3.17783041009944e-06
Sm_t00011937-RA	128.716935674494	-7.22248649737318	0.710496281268007	-9.3420425586569	9.44933105329327e-21	7.62261291456461e-20
Sm_t00004944-RA	517.949837608724	-7.22099854311476	0.508912609415939	-13.0395640043792	7.28725695207951e-39	1.10255337245904e-37
Sm_t00010682-RA	161.951971708351	-7.20286198321755	0.435506518019345	-15.1957817148527	3.77137594188123e-52	8.25539821811531e-51
Sm_t00007009-RA	29.5800358503599	-7.19498036048528	0.924163612462517	-7.15239192643864	8.52786672297768e-13	4.78629393097581e-12
Sm_t00019178-RA	4.09014487942361	-7.19478910040712	1.60899268469076	-4.1080293051037	3.99049480726202e-05	0.00013131896977355
Sm_t00015736-RA	10.1532171680635	-7.19324951793174	1.3097714507618	-5.04534551740931	4.52702536616663e-07	1.77856576767933e-06
Sm_t00016460-RA	43.61539741949	-7.18879866322163	0.774147451618773	-8.53041452169457	1.45824247476486e-17	1.03323705421663e-16
Sm_t00003012-RA	91.8457208976823	-7.18838453591604	0.923931931841544	-7.14704656083749	8.86648106810144e-13	4.9713174564939e-12
Sm_t00012609-RA	566.76910190526	-7.18317820765291	0.279693395021781	-23.5907544657574	4.79552509384737e-123	4.81228054297045e-121
Sm_t00001977-RA	42.9392077283382	-7.18207598506057	1.2135328433655	-5.43625664614468	5.44115664971146e-08	2.2756411617096e-07
Sm_t00004440-RA	184.347922520591	-7.1783184995449	0.398937068489882	-16.527214491506	2.33696579741097e-61	6.57587436710675e-60
Sm_t00009780-RA	10.3940418531441	-7.17093989960098	1.33829268140848	-4.92115065044639	8.60368693769942e-07	3.29850902205287e-06
Sm_t00014908-RA	4.91100719041772	-7.16583966047378	1.75809531995616	-3.74316431297815	0.000181717314421185	0.000557056868536639
Sm_t00014513-RA	4.99924779851573	-7.15751937385836	1.58562821000015	-4.14505703947948	3.39729133206149e-05	0.000112352747686084
Sm_t00005245-RA	82.3295365687624	-7.15273474587544	0.852758777533634	-7.70174980182646	1.34215486827173e-14	8.31692699994192e-14
Sm_t00005241-RA	17.9721043185028	-7.14967191840835	1.1164916000786	-5.87973247442812	4.10930089856924e-09	1.85057405699828e-08
Sm_t00015593-RA	92.0023960016122	-7.14771629055088	0.520455559333655	-12.6095613215338	1.87031142713811e-36	2.63361350408002e-35
Sm_t00014812-RA	5.79201694744207	-7.14598283377102	1.54380925846052	-4.24986623043937	2.13898217816446e-05	7.22741686082424e-05
Sm_t00010211-RA	561.081813506259	-7.1452921599746	0.479743793176165	-13.6745743317321	1.44047751914672e-42	2.39954745139461e-41
Sm_t00017664-RA	9.37698380472474	-7.12005330043469	1.35966424328629	-4.80637284734321	1.53693154359829e-06	5.74040485499112e-06
Sm_t00004865-RA	182.123957874014	-7.09086664540438	0.443385994586154	-14.6731442238648	9.58008702946599e-49	1.89306156271464e-47
Sm_t00020534-RA	5.17919661141914	-7.08629296882653	1.62781827972408	-3.99386900233638	6.50037865518782e-05	0.000209851371391703
Sm_t00016422-RA	39.1482949128598	-7.0847058219822	0.721864617068093	-9.00405099280423	2.17539044145632e-19	1.66533336276559e-18
Sm_t00005710-RA	49.9702456961035	-7.07491641408183	0.621042456535875	-10.4500366211387	1.46468661103342e-25	1.42018332750842e-24
Sm_t00009927-RA	269.100164632212	-7.0728665197705	0.3181740110434	-20.3909379603149	2.01250537564692e-92	1.06765332953906e-90
Sm_t00006558-RA	99.2481516413068	-7.0635067736213	0.524292391937426	-12.3566675260748	4.48361444096876e-35	6.09698362103327e-34
Sm_t00016478-RA	15.7257341362661	-7.06170665217075	1.16481544008875	-5.56028571502903	2.69333359088284e-08	1.15123915919667e-07
Sm_t00000158-RA	15.8315878887966	-7.06122149658904	1.61494176165281	-4.01018888133833	6.06701949391378e-05	0.000196317814160093
Sm_t00003325-RA	140.948798689524	-7.06030461557327	0.801973360541021	-8.0742141000855	6.7912623829756e-16	4.46796401167486e-15
Sm_t00015604-RA	19.3337292547128	-7.03624733848578	1.23328641207557	-5.23094009251965	1.68650162143279e-07	6.82218164396004e-07
Sm_t00003462-RA	27.7242179710766	-7.0342555682085	0.822110207635675	-7.84475792698895	4.33789445482812e-15	2.7527865077534e-14
Sm_t00014623-RA	80.7595871937101	-7.03167796218141	0.927161163519591	-6.95313632174715	3.57253158119166e-12	1.93595416654166e-11
Sm_t00006417-RA	32.7875141253258	-7.02783202039917	0.817942925720661	-7.8768723560053	3.35677519364844e-15	2.14159943224036e-14
Sm_t00013403-RA	52.9289230864742	-7.01935536228465	0.612592054954997	-10.5034913695662	8.32431190548498e-26	8.14247725904691e-25
Sm_t00006244-RA	12.7636353361686	-7.01745827546037	1.41124584781308	-4.55799978822142	5.1643089550844e-06	1.84133258933639e-05
Sm_t00012481-RA	3.83216227839031	-7.00286903311529	1.797262681034	-3.57091320085886	0.0003557387784232	0.00105800688644415
Sm_t00001003-RA	121.583248694072	-7.00213841464601	0.457281494331348	-14.0332344391705	9.75968392672854e-45	1.74438642544468e-43
Sm_t00011084-RA	67.2450063619156	-6.99965089456072	0.603153568396095	-10.6351868424132	2.04418603380377e-26	2.04271451416336e-25
Sm_t00002364-RA	602.926228405618	-6.98825704213906	0.219947645215488	-29.1126419465216	2.48364307264884e-186	8.61927631337176e-184
Sm_t00000482-RA	421.007957536495	-6.9862919072069	0.496349014689931	-12.8967555444948	4.69449310433847e-38	6.92043063115666e-37
Sm_t00005127-RA	46.1546345792216	-6.98221465826653	0.717762217157268	-8.9127213795162	4.97950013025055e-19	3.74993278344094e-18
Sm_t00009043-RA	15.8168495830474	-6.97561644567054	1.1078361881048	-5.76855722379235	7.99530648732888e-09	3.54495611129519e-08
Sm_t00011272-RA	38.0266581807173	-6.97449810544025	0.78972326515058	-8.09080647284962	5.92709647735784e-16	3.91024051959711e-15
Sm_t00016624-RA	4.19729956298534	-6.97318241248898	1.90860429884763	-3.34704391913296	0.000816782687255529	0.00232580615458164
Sm_t00015450-RA	4.78664053112827	-6.97309457648051	1.50202354997981	-4.25299228934618	2.10932842307134e-05	7.13155934067837e-05
Sm_t00010451-RA	117.937860117125	-6.96707441948359	0.429552036767733	-14.8575117173394	6.21925794285138e-50	1.261880618904e-48
Sm_t00005163-RA	7.7514388461906	-6.96669878582693	1.37430100506876	-4.64359609888201	3.42396620373077e-06	1.2364281166648e-05
Sm_t00012684-RA	301.746384089832	-6.96571637072325	0.394494871658212	-16.1743962447539	7.64434431554604e-59	2.00534626154907e-57
Sm_t00010880-RA	33.3146255035902	-6.95179709984439	0.824407021392893	-7.72288073079151	1.13729583356287e-14	7.06642073684829e-14
Sm_t00001480-RA	808.590605944093	-6.94336871786446	0.2222388383136	-28.6105199528275	4.97093014261949e-180	1.47867418420992e-177
Sm_t00014101-RA	933.042460953723	-6.93315968945969	0.589982639075748	-10.7599093075087	5.32225190232074e-27	5.44248448059294e-26
Sm_t00016659-RA	5.28310615283467	-6.92578597060703	1.44212785843362	-4.39682649047091	1.09845083286486e-05	3.81526146244012e-05
Sm_t00007128-RA	106.996308626593	-6.92522656523286	0.742118078579	-8.5434201756317	1.30306537669974e-17	9.26043645267249e-17
Sm_t00008359-RA	563.749167962423	-6.90978665977452	0.426935549872849	-14.8143827836735	1.18270633125964e-49	2.39096141579164e-48
Sm_t00004967-RA	56.369885975089	-6.906386911208	0.597510643633367	-10.5795385882478	3.70779641351241e-26	3.66337322991042e-25
Sm_t00008589-RA	14.0700585012119	-6.90397625595415	1.18562903201922	-5.32964028823792	9.84074805074459e-08	4.04259386015545e-07
Sm_t00005340-RA	98.7599331179604	-6.89026242463859	0.481033263060343	-13.1077472366971	2.97298675689792e-39	4.54765963236048e-38
Sm_t00006568-RA	13.6474618961021	-6.88453933816071	1.31742702609756	-4.78169888226827	1.7381991636408e-06	6.46026810975647e-06
Sm_t00011982-RA	167.153115313324	-6.8798053530936	0.793922026744458	-7.92874506695068	2.21371453403357e-15	1.4248862715584e-14
Sm_t00005078-RA	4.23902604476471	-6.87602073072973	1.46218048268556	-4.30249261648954	1.68887300624246e-05	5.76264779557288e-05
Sm_t00016577-RA	77.5961272374424	-6.87550277251251	0.542121374389925	-11.6034952128414	3.95585017904884e-31	4.65371131939235e-30
Sm_t00008499-RA	66.4477805002242	-6.87343612794194	0.530738708734375	-11.8484595610854	2.19182857688272e-32	2.70255221567079e-31
Sm_t00005222-RA	79.8101739809805	-6.86706423296805	0.835579280561507	-7.51821446403807	5.55293619674258e-14	3.32139357864768e-13
Sm_t00006347-RA	60.5596252983029	-6.86550919404706	0.607482455166105	-10.3385853214967	4.71445499293699e-25	4.47994245706471e-24
Sm_t00000598-RA	9.03826741611394	-6.86425678796892	1.30322343958682	-4.81825034543556	1.44822588398145e-06	5.42734460638087e-06
Sm_t00004444-RA	41.8168815777122	-6.86236058861056	1.5043862929138	-4.17270525408214	3.01004227315722e-05	9.99427629783794e-05
Sm_t00008639-RA	40.2858120817244	-6.84558738447557	0.696518155937588	-8.9884051565722	2.50843809821998e-19	1.9150120000068e-18
Sm_t00011915-RA	3.63057310926858	-6.8313468237888	1.53571233579897	-4.06739379386379	4.75418645962464e-05	0.000155528747141452
Sm_t00019136-RA	62.356145206779	-6.82581534379169	0.586643457977614	-10.6381742759157	1.97970373396929e-26	1.97946607445741e-25
Sm_t00005339-RA	185.759484997788	-6.81422017412578	0.439401977193437	-14.176586582321	1.27919016790255e-45	2.35716259036733e-44
Sm_t00006998-RA	7.55580659610611	-6.80910259489205	1.47825110058074	-4.21045016807151	2.54862337080079e-05	8.54052868855353e-05
Sm_t00014964-RA	23.4633511284061	-6.80664670550932	0.841385262196234	-7.39452779249924	1.419116723738e-13	8.32088925872147e-13
Sm_t00016980-RA	213.01832417144	-6.79953163989983	0.796939546169548	-7.79799630946873	6.28978487063133e-15	3.9687589535976e-14
Sm_t00004919-RA	553.993432676389	-6.79621877229205	0.440843972120684	-14.0893811985518	4.41412467201809e-45	7.95784510676162e-44
Sm_t00004317-RA	3.90245690690245	-6.79139069795579	1.55967211760417	-3.97929194726485	6.91208187359253e-05	0.000222538577213576
Sm_t00012629-RA	3.48858329986109	-6.78549324074159	1.88065524902281	-3.29698558200041	0.000977285179486491	0.00275813464298581
Sm_t00004230-RA	5.24657391567906	-6.78547224926164	1.57825536132592	-3.9286875883333	8.54107118350518e-05	0.000271573131847355
Sm_t00004416-RA	7.93192606023968	-6.77974548861717	1.37272083848265	-4.51274965379312	6.39925403506449e-06	2.26420504919508e-05
Sm_t00008712-RA	12.5113219186546	-6.77317680072952	1.16121862603388	-5.32903680839597	9.87349869012381e-08	4.05504785946949e-07
Sm_t00006767-RA	5733.73955901002	-6.77199093439826	0.225207766474412	-27.4723693203592	3.75577511080248e-166	8.3418269060997e-164
Sm_t00015455-RA	3.2941385965034	-6.76169438327575	2.62261715328138	-2.35516433481249	0.0185145157406258	0.0441601951900551
Sm_t00009921-RA	65.0863820455338	-6.75716595147401	0.62105509558684	-9.93819388220603	2.83928205300712e-23	2.5333026480446e-22
Sm_t00008714-RA	10.0148831229095	-6.75298280718382	1.34806409558072	-4.57543734560098	4.75226177545955e-06	1.69987495502695e-05
Sm_t00011246-RA	602.824298603291	-6.75060250830414	0.473974303756914	-13.0083054280223	1.09748846235972e-38	1.65747622901071e-37
Sm_t00016981-RA	360.157711790599	-6.74173213225445	0.31348081664618	-19.6399007700795	7.05358741831286e-86	3.31917116424451e-84
Sm_t00016582-RA	8.60523945320971	-6.73620311723582	1.35677189958734	-4.53370468470544	5.79580477777125e-06	2.05856110848856e-05
Sm_t00010003-RA	131.40177318491	-6.73289220078642	0.410774699274593	-14.9665795182695	1.21406814239338e-50	2.51541630795881e-49
Sm_t00012622-RA	10.9479691940605	-6.73207162550276	1.93877403767836	-3.17059724652788	0.00152125903472778	0.00419138819062114
Sm_t00000447-RA	5.2714827923309	-6.73182573406987	1.45823501883328	-4.21525039152323	2.4950121214924e-05	8.37435259315341e-05
Sm_t00010431-RA	13.031846337395	-6.72534610612263	2.24264032210353	-2.73799861957497	0.00618143353874174	0.0157784737800122
Sm_t00010860-RA	131.040404709526	-6.7233237287286	0.843299236977241	-7.27893902848896	3.36455692401571e-13	1.92998585538064e-12
Sm_t00004107-RA	33.5424925842558	-6.72037312450194	0.724476123560803	-8.46870300479546	2.48140471609642e-17	1.74043114782038e-16
Sm_t00006766-RA	4556.67090306399	-6.71753694743592	0.22593373010933	-27.1430783905899	3.0561826460006e-162	6.20852323379e-160
Sm_t00012169-RA	283.037558598426	-6.71648796144923	0.335404020944967	-18.2809017738499	1.1746774084638e-74	4.5612532098345e-73
Sm_t00002615-RA	62.7895201777756	-6.71590320317633	0.540696857393843	-11.3388918750652	8.42039116821361e-30	9.49674177928926e-29
Sm_t00013429-RA	307.35098354923	-6.70358503717596	0.559670346895416	-10.9324802915087	8.06143608290377e-28	8.41399763590294e-27
Sm_t00008832-RA	37.0041547509278	-6.69638127063396	0.793976242028848	-7.69718405555504	1.39097472136646e-14	8.60730197196228e-14
Sm_t00016385-RA	3.49049056259663	-6.69460782026873	1.85830128880619	-3.28773803100231	0.00100995770785569	0.00284235098791353
Sm_t00003697-RA	1642.93772118837	-6.69423386535714	0.234380726602111	-26.0654276225037	8.99471969539928e-150	1.52891878250981e-147
Sm_t00017061-RA	17.3773564370637	-6.69338976956956	0.957591308254776	-6.37891104160311	1.78351592518655e-10	8.75620639014367e-10
Sm_t00006133-RA	135.036371018401	-6.68668946892791	0.407218121914326	-14.9838357886529	9.36522549805047e-51	1.9452110517023e-49
Sm_t00007682-RA	201.886637119545	-6.68058634456313	0.350061026586995	-17.4129248376877	6.5832941310786e-68	2.15028458108838e-66
Sm_t00016363-RA	5.53285015071518	-6.66831782408531	1.52652867636341	-3.98506619513847	6.74613168322068e-05	0.000217447874572543
Sm_t00018109-RA	301.659452418863	-6.66634785592452	0.542202466319666	-11.2160092099971	3.40282443757204e-29	3.74648046801553e-28
Sm_t00005258-RA	7.32091168645858	-6.65837738329162	1.41203363713486	-4.30115630645671	1.69909151515198e-05	5.79395423938623e-05
Sm_t00003470-RA	6.40152352421601	-6.65817536885113	1.50206766650819	-4.04321023896962	5.27243041413643e-05	0.000171740605863677
Sm_t00020371-RA	71.7989619872852	-6.65758026530732	0.50833554241366	-11.9460076241644	6.81197341037936e-33	8.51266714704422e-32
Sm_t00004858-RA	530.221899538585	-6.64531862084463	0.252479540232222	-24.0032068153743	2.57443766638623e-127	2.74903734914498e-125
Sm_t00014382-RA	28.2078711773671	-6.63827932049077	0.755516430614408	-8.0121081093737	1.12758677091785e-15	7.35447941658164e-15
Sm_t00003562-RA	60.7873395316871	-6.63436046892669	1.05513110914577	-5.7332784679472	9.85077034057152e-09	4.34341271395554e-08
Sm_t00015707-RA	54.1454944963967	-6.6341371903604	0.582659925335907	-10.3819345167304	2.99640958520307e-25	2.86532998714894e-24
Sm_t00004188-RA	60.3888979108169	-6.62707066564815	1.01408058269664	-5.9581760747071	2.55068621980084e-09	1.16441027814312e-08
Sm_t00003443-RA	37.3669444434024	-6.62566391944101	0.684109102642194	-8.82997155879159	1.04702344030321e-18	7.76204560239023e-18
Sm_t00004997-RA	20.7911593945806	-6.62548742433626	2.21104094478685	-2.73196542948623	0.0062957746659521	0.0160533372360722
Sm_t00014156-RA	63.5907887696371	-6.61633205611273	1.17861420514818	-5.11730813167525	3.09927076373715e-07	1.2309883734462e-06
Sm_t00005985-RA	513.092905992496	-6.59432311777529	0.234350448551949	-25.6424647569778	5.13090921501099e-145	8.06327223619368e-143
Sm_t00014268-RA	3.58843110765974	-6.58488803544887	1.79100070436691	-3.3500199194895	0.000808057491321097	0.00230371755783448
Sm_t00004945-RA	526.605665142356	-6.58354105743927	0.240204436560268	-24.9726488958259	1.21214514824815e-137	1.72580460508698e-135
Sm_t00007071-RA	31.0128552528089	-6.58308171156116	1.18461987098695	-5.06329655483826	4.12068092195481e-07	1.62428544244968e-06
Sm_t00004610-RA	274.840709666654	-6.57950346482838	0.322505221043723	-18.5873067277124	4.07113729460975e-77	1.67449395194097e-75
Sm_t00008181-RA	92.0402171003784	-6.57182274341432	0.425832932607699	-14.0590881657566	6.77535644973491e-45	1.21620568685004e-43
Sm_t00014054-RA	184.949421540202	-6.56963901419341	0.350680955812455	-17.0657656624901	2.66867425688972e-65	8.26296947421356e-64
Sm_t00005016-RA	6.89420637605595	-6.56368683497998	1.40186031805296	-4.26482350487226	2.00060282587508e-05	6.77909720777605e-05
Sm_t00009875-RA	303.417615484874	-6.56233434440535	0.267489014799129	-22.3460927877507	1.31783899151937e-110	9.9404529609542e-109
Sm_t00011951-RA	10.3393831861204	-6.55855544088533	1.3330459459658	-4.481132446307	7.42480143723488e-06	2.61263925520614e-05
Sm_t00016476-RA	13.0618729295498	-6.55403464747322	1.17397592028939	-5.08446088570695	3.68671730926602e-07	1.45771034744252e-06
Sm_t00005606-RA	3.23557985241816	-6.55310545994767	1.93689802406436	-3.08126983754378	0.00206119762088513	0.0055875394578852
Sm_t00013413-RA	74.2277580004875	-6.54770881137666	0.869494266541906	-6.85767467460268	6.99904208593967e-12	3.73327067139235e-11
Sm_t00008713-RA	62.6352014290197	-6.54391836347901	0.528700643729655	-11.2708740459299	1.82746691784077e-29	2.03488929929087e-28
Sm_t00019188-RA	2.60825641888052	-6.53738404091624	2.47239511290679	-2.40753753712044	0.016060511065614	0.0386445173091142
Sm_t00005771-RA	7.99059773808863	-6.53576711061068	1.3351797500798	-4.4569033572109	8.31520664633005e-06	2.91487189214154e-05
Sm_t00003270-RA	467.128689869547	-6.53194406720844	0.261752710631857	-22.7197038489223	2.86130324897709e-114	2.3713228617642e-112
Sm_t00012620-RA	75.0604055257235	-6.52884167045166	0.512542182252901	-11.5967853500862	4.278493774454e-31	5.02263208561344e-30
Sm_t00004177-RA	309.385976700101	-6.52681947106039	0.280444326908766	-21.1871623026034	1.25432649714254e-99	7.79648163783599e-98
Sm_t00003555-RA	14.3956931699853	-6.52418359142558	1.14644578486747	-5.18051849448087	2.2126998711485e-07	8.8689014565909e-07
Sm_t00006348-RA	332.376152168175	-6.52294157728619	0.29315116998101	-20.2555615850717	3.17311103768387e-91	1.63646079460489e-89
Sm_t00000979-RA	717.91772515637	-6.52006355294639	0.202093372484915	-29.3679277057411	1.41078045013852e-189	5.34108653145626e-187
Sm_t00014789-RA	10.809753861969	-6.50913995129197	1.20464110769882	-4.91776340142387	8.75386246154298e-07	3.35145577762314e-06
Sm_t00015606-RA	270.64303718203	-6.50387615815731	0.34235250593904	-17.2888354998962	5.70940282147279e-67	1.82197762835429e-65
Sm_t00019174-RA	317.538510853318	-6.5027072011978	0.253215653419262	-23.3702266083825	8.58463139045988e-121	8.03386459001577e-119
Sm_t00016480-RA	11.3483888302522	-6.496659666235	1.214595903295	-4.86718228688046	1.1320060836115e-06	4.28469832783467e-06
Sm_t00019145-RA	62.1193919371567	-6.49536060428875	0.505208547750317	-11.6988531381891	1.29187630683166e-31	1.55491875138741e-30
Sm_t00003560-RA	389.328457583079	-6.48472384627613	0.266310278581552	-22.1535716822491	9.63679531149511e-109	6.86024514097801e-107
Sm_t00009670-RA	74.4802182893821	-6.48316012490566	0.482557060863465	-12.2227205925695	2.35083530947157e-34	3.09811824249821e-33
Sm_t00016641-RA	30.886108755053	-6.48233216173473	0.691248025636146	-8.53142713327463	1.44553251488137e-17	1.02510347521898e-16
Sm_t00017254-RA	280.896664103496	-6.47574498818241	0.324472748310112	-18.1548219961831	1.17608608927004e-73	4.48312175630671e-72
Sm_t00012696-RA	23.3038811226328	-6.47517183024758	0.829985613991544	-7.09671557067203	1.27756606895066e-12	7.11286616864309e-12
Sm_t00001635-RA	950.501659547421	-6.47232370673053	0.238797486301699	-24.6540438842494	3.33039774540997e-134	4.36832800338892e-132
Sm_t00012035-RA	782.550710955612	-6.47059641006879	0.200077669897126	-29.4165581451193	3.37272068003825e-190	1.30657630437389e-187
Sm_t00016536-RA	111.981443109065	-6.46951782971036	0.400497721488706	-14.6930120047544	7.14652097258073e-49	1.41722317096726e-47
Sm_t00003637-RA	45.1165786310946	-6.46059042928383	1.1820665733065	-4.97060873047829	6.67430192613854e-07	2.58439148037229e-06
Sm_t00003528-RA	82.2168405857325	-6.45685402316663	0.59637321886804	-9.84593847844449	7.13699981774739e-23	6.26056571690553e-22
Sm_t00011008-RA	851.184046866618	-6.45663643375064	0.416538459207005	-14.0962648321332	4.00408893228789e-45	7.22644782600777e-44
Sm_t00006618-RA	44.9308356293226	-6.45589350503937	0.636046717773559	-9.23028661415007	2.69908698590738e-20	2.1410186195831e-19
Sm_t00019678-RA	3.02863872945311	-6.45532867803533	1.6038451018998	-3.66015937017967	0.000252058427758167	0.000760788057545851
Sm_t00014044-RA	290.680657376236	-6.45445077681666	0.321713274931147	-18.2443536968527	2.29434388605039e-74	8.86755927002954e-73
Sm_t00013168-RA	172.623883838615	-6.44711520648946	0.331779791533347	-17.6686927778127	7.30705717916992e-70	2.55180206479272e-68
Sm_t00014451-RA	10.4300181723772	-6.44128245695788	1.24706140662388	-4.69606582791488	2.65220099726845e-06	9.67382619060604e-06
Sm_t00011607-RA	158.621216361596	-6.44097455627635	0.634871449338862	-9.22387447470602	2.86554447240828e-20	2.27089628075058e-19
Sm_t00007713-RA	29.4342340430689	-6.43652868596272	0.740018121786094	-7.90727755671655	2.63078637533942e-15	1.68747167656542e-14
Sm_t00011229-RA	72.9328283455724	-6.43121565712111	0.510103034240582	-11.4608525429077	2.07462494086996e-30	2.38997940975185e-29
Sm_t00009590-RA	69.0921991844226	-6.4246654315835	0.499309314314139	-11.6954866736363	1.34414417790943e-31	1.61666091809497e-30
Sm_t00012969-RA	656.721490622766	-6.42390597388721	0.18942077475477	-30.8250559182141	1.20984744552608e-208	7.4643106472494e-206
Sm_t00008496-RA	164.278077908541	-6.42156724048526	0.614901410469084	-9.4918748617486	2.26915673203178e-21	1.87126796248443e-20
Sm_t00004441-RA	102.530834226455	-6.41698259830858	0.377340155380818	-15.4555048413091	6.92667626084307e-54	1.59591387487032e-52
Sm_t00004119-RA	349.53851343075	-6.41252239120714	0.31056478915635	-18.7642726885994	1.48009493608711e-78	6.30799785878484e-77
Sm_t00000168-RA	344.59571671883	-6.40469210690966	0.254352478175124	-22.8804222733098	7.27930199133045e-116	6.15525952140013e-114
Sm_t00004864-RA	292.896386237484	-6.40112721283353	0.352482863438575	-16.5004538265931	3.64145537601947e-61	1.01777455794853e-59
Sm_t00009952-RA	36.7057915697084	-6.39878598680999	0.632437692208133	-9.19266207317811	3.83237434088559e-20	3.01842514281192e-19
Sm_t00016532-RA	36.7656923670002	-6.39423769650919	1.18760918018128	-4.89153990509104	1.00050103197937e-06	3.80945055787711e-06
Sm_t00004139-RA	1331.32387090337	-6.38913190590387	0.260404938162322	-22.2888703527039	4.73796506735889e-110	3.49225761469311e-108
Sm_t00005754-RA	20.8709208486779	-6.38234512226796	0.947105176747301	-6.12112072090887	9.29194700610224e-10	4.36506636287792e-09
Sm_t00006302-RA	193.06924178243	-6.38166674475736	0.346105185586131	-16.7482805406127	5.82867441652754e-63	1.70639821494755e-61
Sm_t00003890-RA	53.3941936148809	-6.37302236292549	0.529214701462637	-10.9370022165458	7.66940273059521e-28	8.02997553024859e-27
Sm_plastid_g00136	2.33067522619271	-6.36746049732412	1.89798566763145	-3.04663022273514	0.00231422211286132	0.00623589646652279
Sm_t00018477-RA	106.816297058558	-6.3631431879461	0.86215823825178	-6.70195206817554	2.05653501523615e-11	1.06192685318673e-10
Sm_t00002057-RA	118.038949804051	-6.35800466802667	0.46026020084762	-12.5429151975231	4.34704751903917e-36	6.09538026701637e-35
Sm_t00013440-RA	3938.23878174324	-6.34686675847796	0.221300279913095	-26.0364187552797	1.91720936032835e-149	3.22594682064138e-147
Sm_t00003910-RA	87.3469512826421	-6.34356983057045	0.494692522117978	-11.6407052322434	2.55890912531604e-31	3.04039288227636e-30
Sm_t00020830-RA	89.9897430023668	-6.32944985075383	0.443928884808452	-12.9400227093411	2.67550402789557e-38	3.96870401573325e-37
Sm_t00005337-RA	3.40074294099446	-6.32626314185929	1.80073427275292	-3.18829003742023	0.0014311690450875	0.00395166815068252
Sm_t00012285-RA	82.3463478906674	-6.31277144412257	0.470905872000735	-12.1633043558939	4.87462491563412e-34	6.34386733161197e-33
Sm_t00001940-RA	220.552700402955	-6.31164868434314	0.396945176544548	-14.4268000286444	3.50991792100815e-47	6.72048422162687e-46
Sm_t00014046-RA	183.436773228022	-6.30892657387669	0.381948271513373	-14.9861303238711	9.04731524011155e-51	1.88387721587223e-49
Sm_t00012353-RA	2.39838389789733	-6.30468879945158	2.15055135190026	-2.65963832688653	0.007822460101025	0.0197075832369744
Sm_t00006037-RA	5.39564214116485	-6.29359631969918	1.4404819290345	-3.9629766987257	7.40210087948123e-05	0.000237260335675194
Sm_t00004126-RA	27.96865209872	-6.2855661519111	0.70516899310451	-8.0839716545311	6.26909090704911e-16	4.12932053497921e-15
Sm_t00001196-RA	3.34939121676446	-6.28138353723317	1.94143102063683	-2.93411585406966	0.00334499327281138	0.00884221106629807
Sm_t00019851-RA	66.9802383906546	-6.2776912277219	0.514884365634301	-11.0562518648413	2.04464236936741e-28	2.19456524413159e-27
Sm_t00005306-RA	15.4257549255285	-6.27451325747584	0.963527910138151	-5.90487644167991	3.52911148226695e-09	1.59663061030969e-08
Sm_t00007894-RA	18.4881164826284	-6.27401943802556	0.964215341798326	-5.90015444829488	3.63161454428534e-09	1.64211278715269e-08
Sm_t00014503-RA	116.113539670375	-6.27043303010584	0.423574445902759	-13.4225118750697	4.46324527249608e-41	7.16959881863449e-40
Sm_t00006927-RA	11.5485953122281	-6.26738427266643	1.16200950865434	-4.8901357780169	1.00766446617438e-06	3.83584887512175e-06
Sm_t00016477-RA	89.2884932800035	-6.25750666252992	0.487101116995866	-11.6454396522726	2.42070061553949e-31	2.87823203809114e-30
Sm_t00008494-RA	533.191598603744	-6.24499378934608	0.276484602176744	-20.4712802983795	3.88284712083537e-93	2.12067106029101e-91
Sm_t00004187-RA	214.602392840379	-6.22918421783784	0.325924582109353	-17.3174547967791	3.47386379435226e-67	1.11929638464835e-65
Sm_t00016409-RA	32.8478425156693	-6.22719401912327	0.718669394276071	-7.85088952453132	4.13096733268352e-15	2.62747819121199e-14
Sm_t00017874-RA	151.69168200492	-6.2269667180337	0.597802889826811	-9.43783781250746	3.80550823074872e-21	3.11203515502269e-20
Sm_t00014505-RA	130.391734747746	-6.2175109004534	0.419817036250436	-13.416584878879	4.83485262555054e-41	7.74413221504046e-40
Sm_t00016423-RA	17.604603670289	-6.21696504340725	0.907383776094457	-6.20681699605457	5.40684980446245e-10	2.57482287143326e-09
Sm_t00007632-RA	5.76525520439167	-6.21623968413293	1.51784281170935	-3.71002823262785	0.000207236135627319	0.000631565961814834
Sm_t00008472-RA	4.37149085122187	-6.21183833883762	1.71560218404853	-3.27980366961252	0.00103879348736304	0.00291808126686232
Sm_t00005211-RA	4.17624370401078	-6.20501410330497	1.63467723687105	-3.4379961845326	0.000586035955953342	0.00169600190310472
Sm_t00000181-RA	206.639559373859	-6.20288676724218	0.332651533225612	-16.8882034384973	5.49509345792093e-64	1.652297235055e-62
Sm_t00002036-RA	38.0189738656531	-6.2019476443082	0.624896311954284	-8.98860744871722	2.50382610371913e-19	1.91236750278557e-18
Sm_t00018166-RA	45.2898882757608	-6.20083796806612	0.575053515479902	-9.76576582334169	1.57914381173368e-22	1.36793435339883e-21
Sm_t00007715-RA	2.37956593241206	-6.19856309910297	1.71273347366942	-3.27754620634363	0.00104713590498917	0.00294002863733517
Sm_t00014885-RA	20.7244334066086	-6.19063549367635	0.927288928613676	-6.04518755773018	1.49236290415387e-09	6.90357713340603e-09
Sm_t00017295-RA	1595.69058319801	-6.18965196383738	0.184025168707925	-30.4558990663542	1.00073391444992e-203	5.20944548340836e-201
Sm_t00006768-RA	13.1114697135898	-6.18906043485061	1.70162255045383	-3.2933628161874	0.000989966379552356	0.00278985957546661
Sm_t00010461-RA	2065.12034722338	-6.18203075138984	0.20807135388724	-26.8995738568753	2.22156940842662e-159	4.25366703512306e-157
Sm_t00005891-RA	4838.22080203261	-6.18080219757358	0.192621558345528	-29.0507575872465	1.50526155462513e-185	4.82204749556641e-183
Sm_t00005213-RA	193.120453927989	-6.17892253444263	0.351940273959947	-15.8945223048819	6.91535925109715e-57	1.7296704865582e-55
Sm_t00001861-RA	256.460440776953	-6.16516298470625	0.2615544845278	-21.334610242988	5.41942768809325e-101	3.40667269540594e-99
Sm_t00010693-RA	530.171993209671	-6.16221753103699	0.230040011393455	-24.2445542288634	7.54722349303361e-130	8.55249312564312e-128
Sm_t00008500-RA	40.6870326887766	-6.15664304084409	0.63671733379272	-8.75057540471783	2.12267609469151e-18	1.55906253903753e-17
Sm_t00011558-RA	217.324777795229	-6.150749934387	0.278057516558379	-20.0165419128976	3.95218004363482e-89	1.97703949450057e-87
Sm_t00017650-RA	233.298574858843	-6.15043921801168	0.286317885217244	-19.4379726358656	3.68440292982688e-84	1.69076539958832e-82
Sm_t00006682-RA	578.095053458523	-6.14944882225449	0.23715282492343	-23.4635569871499	9.6126512460012e-122	9.30974095673767e-120
Sm_t00014448-RA	28.4900958112394	-6.14697652704742	0.726595553105425	-7.65484526195608	1.93545147071411e-14	1.18619391461205e-13
Sm_t00014483-RA	47.0172945419703	-6.14661082608114	0.564888211929763	-9.84550696691236	7.16769413468651e-23	6.28087579671793e-22
Sm_t00015456-RA	101.818205360345	-6.13636377553079	0.413542282589491	-13.4239327131669	4.37846939317536e-41	7.04700900014639e-40
Sm_t00012490-RA	120.917531600928	-6.12155852060707	0.477168785785026	-11.6029352412448	3.98182628871926e-31	4.68096417201732e-30
Sm_t00012173-RA	80.0850292722716	-6.11548813133531	0.447889884161922	-12.3478746158418	5.00153433969843e-35	6.77362268542247e-34
Sm_t00004828-RA	2.7793639844698	-6.10938815652259	1.85737371250802	-2.97430082019573	0.0029365703314267	0.00782052575234308
Sm_t00005307-RA	7.04465536809428	-6.1026397678224	1.34877677335729	-4.09084726013501	4.29800134501071e-05	0.00014096496634217
Sm_t00020545-RA	14.5396477543466	-6.09966373449288	1.59755036576271	-3.45194984313377	0.000556551173020103	0.00161544335949972
Sm_t00009237-RA	2.21538144326202	-6.09100493028795	2.08414385178267	-2.64185455604631	0.008245345526399	0.0207072163091745
Sm_t00008071-RA	126.276027855756	-6.08391304702024	0.612874195784155	-8.97233573357504	2.90292022033936e-19	2.20706732224615e-18
Sm_t00011155-RA	878.860582699616	-6.08349837402771	0.218883089142315	-25.1207089390659	2.95428535360063e-139	4.4335572450702e-137
Sm_t00008080-RA	127.475393890248	-6.08216677338139	0.475187512761228	-11.5684158900522	5.95723975654758e-31	6.96390876242593e-30
Sm_t00006741-RA	274.780628317151	-6.08010375008945	0.494473379126999	-11.1130426470908	1.08401735550685e-28	1.17792309902369e-27
Sm_t00021036-RA	6.98641657934537	-6.07343474947013	1.44877747920339	-3.78832141460946	0.000151668555288526	0.000469434186918667
Sm_t00003149-RA	25.0611975003651	-6.07060469358343	0.799827242667685	-6.85848693436241	6.95936952535745e-12	3.71448822663904e-11
Sm_t00015671-RA	252.507701787647	-6.06942116964899	0.327757704631772	-16.7331571223035	7.51471840724333e-63	2.18083935937037e-61
Sm_t00001108-RA	93.8763544415129	-6.06817127888424	0.391295399803406	-14.0128692584658	1.30042972010385e-44	2.31437588434721e-43
Sm_t00004102-RA	2.54959426121317	-6.06535859211111	1.94241016364833	-2.82142190906663	0.00478112763393667	0.0124006930372535
Sm_t00000901-RA	537.24034958369	-6.06288712414442	0.234544694687136	-23.3554083644974	1.21435898645614e-120	1.11761281747991e-118
Sm_t00011271-RA	48.3820933438925	-6.05805137956534	0.555464023413557	-9.85311586145789	6.64513005931971e-23	5.83524388656551e-22
Sm_t00017882-RA	7.21242980401877	-6.05625597841771	1.41286759511345	-3.87244777737179	0.000107747767184548	0.000338973051135072
Sm_t00004131-RA	49.9520917648412	-6.05466800560257	0.946787132985431	-5.77708316372604	7.60067232340203e-09	3.3753546050412e-08
Sm_t00004140-RA	2286.48342814167	-6.04003998576932	0.23348438148475	-23.3636183760138	1.00208646752414e-120	9.32556222123864e-119
Sm_t00018137-RA	513.708499996214	-6.03244499132753	0.245521576295552	-22.1872353278233	4.561902367299e-109	3.27552455320978e-107
Sm_t00005931-RA	609.879378121409	-6.02265516426128	0.532955637725987	-10.2028288648238	1.92580014223989e-24	1.78718544676502e-23
Sm_t00003151-RA	7.85834197761403	-6.01668633777479	1.25559692061061	-4.32597933987708	1.51855656159543e-05	5.19534097413363e-05
Sm_t00012269-RA	828.491421283592	-6.01324739715252	0.263023450566886	-20.6378837531528	1.2543554538216e-94	7.01176280193298e-93
Sm_t00013301-RA	77.1321342478931	-6.0117439664081	0.449282853229411	-12.0786803400154	1.36899212228711e-33	1.75961965841502e-32
Sm_t00015492-RA	11.6768114250012	-6.00954985671649	1.04361994696036	-5.19782117284745	2.01637962668346e-07	8.11324923219641e-07
Sm_t00007676-RA	56.6531837112822	-6.00680815878782	0.516231590182062	-10.5026663650624	8.39740434138457e-26	8.20433791899027e-25
Sm_t00002811-RA	83.963533245433	-6.00076395107253	0.392105818670514	-13.8119958776317	2.1576943112736e-43	3.67138629593418e-42
Sm_t00019191-RA	27.7215554698878	-5.99889097770436	0.767882683898448	-7.05041419897463	1.78385983761935e-12	9.84284106494309e-12
Sm_t00005411-RA	141.174296849027	-5.99853725891294	0.39705055116267	-13.6343778973752	2.50114590445066e-42	4.1292456369018e-41
Sm_t00005605-RA	3.99373733122353	-5.99826006078922	1.6965180149144	-3.19080611770712	0.00141876453497368	0.00392131734255709
Sm_t00011245-RA	95.9553334584397	-5.99750446443257	0.398391299942682	-13.5859002573884	4.85525115842161e-42	7.97621043362793e-41
Sm_t00018492-RA	95.6912041411405	-5.99745246038815	0.3914342381257	-13.8272331166137	1.74608494764999e-43	2.98015195265917e-42
Sm_t00005723-RA	28.2287936318849	-5.99660567983868	0.658485697168086	-8.21825850297446	2.06479525017217e-16	1.39591555508799e-15
Sm_t00011080-RA	202.298966245604	-5.98978475784091	0.273979539408801	-19.7269649022094	1.26543338706246e-86	6.03999695177262e-85
Sm_t00022490-RA	171.155676149612	-5.98483268147199	0.312316720714777	-17.2896048252357	5.6337156274041e-67	1.80127514244333e-65
Sm_t00000084-RA	156.371767807945	-5.98234760685528	0.334979169803008	-16.1124872631015	2.08467104312406e-58	5.40910439818701e-57
Sm_t00000987-RA	176.321527000198	-5.98189199036943	0.442130046010148	-12.2065714354223	2.86718843846033e-34	3.76668966939055e-33
Sm_t00004594-RA	121.909937179491	-5.98020942346932	0.425045655276084	-12.6932468465415	6.44571839550134e-37	9.18501086674605e-36
Sm_t00000388-RA	88.399016213454	-5.97766289931454	0.425537950057418	-12.6725780828406	8.39105461329342e-37	1.19061488712301e-35
Sm_t00012121-RA	13.6508867269775	-5.97179214605503	0.963932202270284	-5.58835168424489	2.29235041255722e-08	9.8493611484081e-08
Sm_t00003310-RA	109.771571819567	-5.96345207745774	0.416480969437355	-12.9140404295634	3.75090854227464e-38	5.54907944024964e-37
Sm_t00016408-RA	3.64994710647266	-5.96259586829771	1.57879347332701	-3.40614270273453	0.000658877301411186	0.00189626435502895
Sm_t00000374-RA	50.8483962733987	-5.95617255105088	0.502003601299808	-10.6994701574722	1.0236183808161e-26	1.03719190922352e-25
Sm_t00015530-RA	6.43188042284768	-5.95525911627312	1.23726756965763	-4.34041855454043	1.42211572565617e-05	4.88244100535461e-05
Sm_t00015027-RA	9.88341400012697	-5.94642288424617	1.24778187181954	-4.29676292413836	1.73310376245286e-05	5.90630983529864e-05
Sm_t00021694-RA	198.50606511712	-5.9443022243013	0.330273943838999	-16.2268393382974	3.25809496490488e-59	8.6698635663555e-58
Sm_t00019207-RA	3.73415765868336	-5.94424706128503	1.45105218624973	-3.69335239081655	0.000221316997953541	0.000673000830943792
Sm_t00012284-RA	95.3684597986209	-5.93395909245144	0.433599311781034	-12.3361798488108	5.78354820967699e-35	7.81999562311682e-34
Sm_t00010395-RA	6.72013295498398	-5.92526562763629	1.50751718342777	-3.54242438251594	0.000396467073838192	0.00117223083351023
Sm_t00015592-RA	4.16092987087	-5.92055248420269	1.53970923268232	-3.46529875313382	0.000529642758894985	0.00154298514824635
Sm_t00014465-RA	33.8014158457627	-5.91602030653843	0.608965933635591	-8.75421762053531	2.05524191605711e-18	1.51220052286569e-17
Sm_t00017884-RA	9.0030240589901	-5.91345384736364	1.23918033864531	-4.29998256201256	1.70811549449255e-05	5.82353416030638e-05
Sm_t00002729-RA	102.586522825795	-5.91077452901442	0.429213355133224	-12.4082218442652	2.35832149565195e-35	3.23332670572594e-34
Sm_t00019237-RA	4.13756634385396	-5.90914787255806	1.63171636005662	-3.26291260104379	0.00110273521900773	0.00308521385257487
Sm_t00005305-RA	19.5377741971654	-5.9090520045689	0.858252912475449	-6.2033602533463	5.52701201216432e-10	2.62795539673416e-09
Sm_t00001241-RA	37.7051860846413	-5.90243684807436	0.624310031837461	-8.5173016240411	1.6331376206971e-17	1.15519348134065e-16
Sm_t00018139-RA	4.81161744029778	-5.89027400713949	1.44030471703442	-3.68343861156203	0.000230108718998293	0.000697951755475885
Sm_t00015476-RA	7.1204543774888	-5.88167686723476	1.27781883517996	-4.14509218475309	3.39677030473582e-05	0.000112352747686084
Sm_t00004189-RA	114.206913910565	-5.87928200015178	0.672359150288353	-7.87418747537121	3.42964350916655e-15	2.18725120887046e-14
Sm_t00010068-RA	3.82829229233942	-5.87690122845506	1.61541297257776	-3.27588134940542	0.00105332802585969	0.00295542163630971
Sm_t00015481-RA	10.1783864084745	-5.87398979690989	1.06489636200467	-4.96667092274911	6.81120222205419e-07	2.63617580425136e-06
Sm_t00001059-RA	185.244345417913	-5.86877782600679	0.348471383579526	-15.1627309299587	6.24190300947173e-52	1.35741018709896e-50
Sm_t00019179-RA	73.5988879587677	-5.8654858899382	0.454518719010354	-11.6177522928773	3.34829610684073e-31	3.95573876225198e-30
Sm_t00016412-RA	16.77069615328	-5.86512538658489	0.860233843046085	-6.13801169213244	8.35607139141342e-10	3.93429726506967e-09
Sm_t00004393-RA	476.598618794583	-5.86199819551242	0.312217156253455	-16.901691946834	4.37180110293607e-64	1.31930186182444e-62
Sm_t00014067-RA	56.0697051311951	-5.86083854314636	0.575820324967825	-9.16229996473493	5.08027951937271e-20	3.9862127288606e-19
Sm_t00012174-RA	97.2965070194619	-5.85970789282558	0.466101535703488	-11.3166498901671	1.08540948077854e-29	1.21755899870767e-28
Sm_t00003074-RA	12.6497566467915	-5.85732844102039	0.964814529141962	-5.46460307320334	4.6394374281277e-08	1.95308942829798e-07
Sm_t00012658-RA	196.768460920487	-5.85622874524709	0.410866207175119	-12.8295504794348	1.12012175426224e-37	1.63531885911484e-36
Sm_t00004667-RA	1558.003414165	-5.85007153819793	0.428870310193901	-12.2766053351128	1.20968339238044e-34	1.61984774519882e-33
Sm_t00020549-RA	50.5088558213576	-5.83516286037076	0.542618283353646	-9.67560994797704	3.82802105693829e-22	3.25011084436688e-21
Sm_t00015452-RA	31.7215736486614	-5.83421523215683	0.616330619071997	-8.51688212417634	1.63906176752505e-17	1.1588918048995e-16
Sm_t00011071-RA	96.8541100720283	-5.83136664619125	0.436726732675965	-12.0129276585499	3.03892703245988e-33	3.85547955115893e-32
Sm_t00010287-RA	14.9381673404229	-5.82656470327139	0.943255848966224	-5.55688545055508	2.74630859430465e-08	1.173326713617e-07
Sm_t00005562-RA	73.3604448127499	-5.82434508150965	0.465499435153917	-11.2553199549582	2.18033397189252e-29	2.41650055248075e-28
Sm_t00017079-RA	256.890956200617	-5.82393531857125	0.227017435666399	-23.0772376720431	7.8387908378277e-118	6.91091217949337e-116
Sm_t00014821-RA	3.71084263648453	-5.82274419077396	1.4420039890328	-3.63226747679602	0.000280941692064453	0.000844752113070335
Sm_t00013169-RA	28.6715233475139	-5.82079392220028	0.636105597007315	-8.23101376066036	1.85635640698937e-16	1.25857488919939e-15
Sm_t00006815-RA	2.37076320941603	-5.81055404987395	2.20537650588241	-2.36946119446534	0.0178140243706678	0.0425564345284072
Sm_t00014805-RA	10.2446357917193	-5.81044668662149	1.08472169942668	-4.81731552838241	1.45502504596284e-06	5.45037265924196e-06
Sm_t00004225-RA	89.0548632830064	-5.81001913471924	0.439778224464698	-11.8810319475894	1.48522377929432e-32	1.84083762764024e-31
Sm_t00004136-RA	40.3770423637638	-5.80888057953043	0.533481334340825	-9.79205877181271	1.21790373577739e-22	1.05997076439811e-21
Sm_t00011540-RA	25.8593845702334	-5.79371393788224	0.649509799890101	-8.01945396168551	1.06216269702868e-15	6.93319208742313e-15
Sm_t00015393-RA	107.522399695319	-5.79176932498881	0.437474305996853	-11.9018860161956	1.15702310803789e-32	1.44048512209979e-31
Sm_t00018465-RA	143.84779892848	-5.79078409357431	0.675975096816747	-7.70114774655016	1.34849461108846e-14	8.35064060650988e-14
Sm_t00022475-RA	44.1724526636593	-5.78946553489871	0.554499434216405	-9.38588069481701	6.23928066148644e-21	5.06747621935841e-20
Sm_t00009906-RA	41.1883769660737	-5.7825727157865	0.585084277603832	-8.88345989585084	6.48123512835603e-19	4.85451505252495e-18
Sm_t00001104-RA	11.7399703163818	-5.78152083968109	1.07269409174614	-4.84436418515382	1.27017766672695e-06	4.7870180027913e-06
Sm_t00015030-RA	536.816774455519	-5.77414095668056	0.215416539733209	-24.0888696991756	3.27007526169118e-128	3.53720218891244e-126
Sm_t00012634-RA	205.43360971021	-5.76323055732571	0.245138170389591	-21.1237219772674	4.81478997082213e-99	2.95958565807952e-97
Sm_t00022465-RA	268.589801966806	-5.75998555671027	0.299144790368707	-17.2992668544617	4.76412955442612e-67	1.53206312968398e-65
Sm_t00016358-RA	66.6294400976584	-5.7547993693493	0.502412848114829	-10.2899426014832	7.82229886553253e-25	7.35349066038605e-24
Sm_t00001990-RA	38.4967479892434	-5.74763912211231	0.607842905680526	-8.4933772753872	2.00717402779818e-17	1.41555905821601e-16
Sm_t00011006-RA	101.266920575297	-5.74612643654691	0.804583617334946	-6.41465514006154	1.41141994230965e-10	6.98290270240399e-10
Sm_t00008976-RA	12.8519961662238	-5.74327646072685	0.993502913731366	-5.19200939366504	2.08036504527469e-07	8.36262570564329e-07
Sm_t00009211-RA	691.857416866324	-5.74180252464903	0.215458029822094	-23.93413941874	1.35171142833986e-126	1.43419165434939e-124
Sm_t00015589-RA	4.62888638021811	-5.73859977273577	1.48222724106224	-3.4769296029416	0.000507190967256162	0.00148120391524424
Sm_t00001804-RA	876.511243551582	-5.73718477544278	0.231927818194632	-22.2146045935685	2.48156397798775e-109	1.78951916646407e-107
Sm_t00016459-RA	112.408780559014	-5.73515290520207	0.61235158231823	-8.41045088134616	4.08437582161071e-17	2.83489718484964e-16
Sm_t00001403-RA	184.996035384048	-5.73388567265819	0.535562075521054	-9.6139848357425	6.97943981056057e-22	5.8541544997139e-21
Sm_t00008294-RA	1.86401271819628	-5.73109818794752	1.81438680506142	-2.83627403682167	0.00456432639260176	0.0118726653728857
Sm_t00004438-RA	18.3459257357215	-5.72872874095588	0.818307959308402	-6.28581047323936	3.26147644731203e-10	1.57836483565544e-09
Sm_t00006926-RA	12.9287849254332	-5.72846558577547	0.939299490775812	-5.47585262877896	4.35409951103289e-08	1.83528819976685e-07
Sm_t00005276-RA	18.0648946659756	-5.72452280732925	0.743085161258066	-6.91646540031546	4.63051444744463e-12	2.49126703921222e-11
Sm_t00008369-RA	180.699397921179	-5.71728995652103	0.402411563191075	-12.7538332045496	2.96785203947627e-37	4.29526318623768e-36
Sm_t00000052-RA	11.5076069765054	-5.71477116462341	1.19999841968811	-4.27481493347021	1.91296126818954e-05	6.48740000112e-05
Sm_t00010122-RA	3.30931787542285	-5.71412375491086	1.60293041927929	-3.19984179800956	0.00137503040179814	0.00380865587515022
Sm_t00005130-RA	4.35502439360355	-5.71398330142856	1.53233413061729	-3.34717030636286	0.000816410368123479	0.00232514342831269
Sm_t00002139-RA	35.5428093796118	-5.71361125921103	0.545348815735495	-9.4042768797329	5.238919463451e-21	4.2674777712551e-20
Sm_t00007952-RA	213.342974217582	-5.71257246363253	0.262124394440307	-19.5615996541681	3.28604968292372e-85	1.53330575961186e-83
Sm_t00008450-RA	86.6547073301774	-5.70723865250946	0.420899952892852	-12.1697296882649	4.50572150742234e-34	5.87754963748171e-33
Sm_t00013174-RA	34.965855457585	-5.70597000577601	0.624707882389694	-8.19738336930657	2.45675975671302e-16	1.65152155073952e-15
Sm_t00003483-RA	5.73350189990822	-5.7044380625176	1.52323310719367	-3.36090256858283	0.000776882252088743	0.00221898828403354
Sm_t00008182-RA	91.8842880677012	-5.70358094393371	0.391470716748832	-13.0752588250881	4.56009164864415e-39	6.92452203127751e-38
Sm_t00013217-RA	162.335169809692	-5.70103414505632	0.419290764182019	-12.2016380566766	3.04633237555041e-34	3.98945005596846e-33
Sm_t00011793-RA	396.253082729099	-5.69856920026179	0.279038188059103	-18.3256966934529	5.16162197740346e-75	2.01836382393396e-73
Sm_t00000714-RA	37.5632442727246	-5.69831843788867	0.579594280131753	-8.82223757751079	1.12194898012332e-18	8.30641160484186e-18
Sm_t00020318-RA	412.639241440666	-5.68948196194358	0.218556587291543	-23.3554249048301	1.21388910589938e-120	1.11761281747991e-118
Sm_t00021710-RA	413.303041968809	-5.68405978130598	0.206130342048318	-24.7370655413298	4.27190594446899e-135	5.78548042463126e-133
Sm_t00001425-RA	28.8967031457256	-5.67835961823098	0.721134320060481	-7.06298324257236	1.62965382329215e-12	9.00390493810967e-12
Sm_t00008350-RA	122.943209315123	-5.67668333068729	0.429713663393196	-11.8490142726234	2.17736920039144e-32	2.6867123066756e-31
Sm_t00003633-RA	119.60667146149	-5.67436082673365	0.411386600804656	-12.3712362453688	3.74020036788652e-35	5.09854809560178e-34
Sm_t00014121-RA	70.6210880100784	-5.67310516004902	0.392706188670854	-12.9565189111741	2.15821448112481e-38	3.21570096838794e-37
Sm_t00001345-RA	57.6026630689378	-5.65497474986773	0.456858865084003	-11.0974638719893	1.29054047968767e-28	1.39868726809611e-27
Sm_t00005362-RA	39.7861953868699	-5.63770538533316	0.604616898178754	-8.35687093852833	6.44036929518807e-17	4.43320957517533e-16
Sm_t00003554-RA	210.690825134482	-5.63121926363001	0.516601904884058	-9.76810038043228	1.54318287672048e-22	1.33817492766318e-21
Sm_t00011403-RA	69.3697422771332	-5.62875105086061	0.525730581778959	-9.59379428488569	8.49039490802622e-22	7.10718584813571e-21
Sm_t00017929-RA	234.958257902412	-5.62625559929085	0.246063290967941	-20.4876378734107	2.77535709927235e-93	1.52078613683154e-91
Sm_t00005663-RA	267.22927167604	-5.62054100140776	0.309987677693909	-16.2443263515139	2.45018062920866e-59	6.55138184933513e-58
Sm_t00014226-RA	949.943172117513	-5.61958540716644	0.187327089514099	-26.8759068441487	4.20151081025977e-159	7.95326898605765e-157
Sm_t00004313-RA	4.25792425193829	-5.6122143303241	1.47952452546432	-3.39785805763944	0.000679156480195441	0.0019526041848629
Sm_t00005304-RA	66.1679800168167	-5.61064911993925	0.466663574299903	-10.7693194770533	4.80539841811801e-27	4.91999550393422e-26
Sm_t00011983-RA	30.7564665852116	-5.60974032522803	0.547815989192988	-9.17231410611107	4.62971713322655e-20	3.63782207572113e-19
Sm_t00014923-RA	902.991463565697	-5.60641927443227	0.222012549650952	-22.6177271614913	2.90041507696752e-113	2.34539390058859e-111
Sm_t00011461-RA	340.677078231812	-5.60590456214154	0.281762920539871	-17.8196071808215	4.97848697370041e-71	1.81867622824345e-69
Sm_t00000307-RA	533.34438757168	-5.60402422298441	0.231090613789924	-21.718857986794	1.36120787150374e-104	9.10642599337721e-103
Sm_t00018428-RA	50.0499586398571	-5.60360716753926	0.513695559535225	-9.76961368340409	1.52030659801551e-22	1.31902433904908e-21
Sm_t00001566-RA	225.978619118244	-5.60302372079468	0.246478302236638	-20.3588862600043	3.87287291115012e-92	2.04807355409329e-90
Sm_t00007648-RA	175.983346650294	-5.60239107126548	0.349386559695477	-14.3605726437749	9.14682317169294e-47	1.7393582236765e-45
Sm_t00008907-RA	95.3187412225579	-5.59926321638002	0.470599218925845	-10.6550606433755	1.65137001656043e-26	1.65614218758962e-25
Sm_t00015669-RA	10.2341362785005	-5.59559211927476	1.07168849823291	-4.67541839586469	2.93354912862862e-06	1.06510595868996e-05
Sm_t00004964-RA	4.53364777723476	-5.58986955065167	1.4938685413977	-3.35027441301427	0.000807315382175471	0.00230238993944171
Sm_t00006352-RA	219.970233824377	-5.57887928664785	0.541816053078137	-9.21692751308657	3.05735088327721e-20	2.41600336876811e-19
Sm_t00004739-RA	296.622150336857	-5.56992093130024	0.466162885108239	-10.6935174175069	1.09151256996401e-26	1.10330196544056e-25
Sm_t00008635-RA	36.3462334062332	-5.56366415451385	0.660922674005458	-7.53289961190336	4.9625764656912e-14	2.97575949479784e-13
Sm_t00000385-RA	103.136129954833	-5.56359776477316	0.455952659620736	-10.9191111395521	9.3405419787316e-28	9.73075348853727e-27
Sm_t00004859-RA	3.59075206500676	-5.56260141607661	1.85486127514961	-2.68354376834738	0.00728464393492235	0.0184138996461209
Sm_t00020312-RA	5.68463856845744	-5.55678664428106	1.23277258214287	-4.03301202208669	5.50664613606058e-05	0.000179124607175351
Sm_t00001127-RA	908.87470972861	-5.55512511905841	0.208623410140205	-23.8234295744578	1.90984702620806e-125	1.97603923991142e-123
Sm_t00006041-RA	1.77057800786745	-5.54664329059063	1.86354737646418	-2.662472311278	0.00775689510938817	0.0195453575453317
Sm_t00004686-RA	18.2323178831846	-5.54148818623096	0.749425535525508	-6.61371670869928	3.7478866574346e-11	1.91099773307455e-10
Sm_t00006382-RA	30.8673884252942	-5.53172795848557	0.602993457166959	-8.20361796581799	2.33258552274687e-16	1.56994786415828e-15
Sm_t00009923-RA	14.2813450800408	-5.52269486444405	0.847455268481444	-5.82649615630086	5.66031701573323e-09	2.5319430947391e-08
Sm_t00012294-RA	3.37389023897333	-5.5219985898042	1.6724194812283	-2.95200973512833	0.00315712977079562	0.00838378251584783
Sm_t00016986-RA	66.7171165117667	-5.5148609962417	0.438331306629965	-11.2468831718731	2.3992102592307e-29	2.65378781528984e-28
Sm_t00000387-RA	28.3356633109112	-5.5115846939104	0.652694768884304	-7.54806829895657	4.417612591204e-14	2.65758723525736e-13
Sm_t00014120-RA	28.7187370372734	-5.51112078499618	0.676773678824869	-7.27883033741761	3.3672683864677e-13	1.93087630918344e-12
Sm_t00021040-RA	148.309009980317	-5.50578633058799	0.318807045038875	-15.434998715251	9.52023109427905e-54	2.18140315775104e-52
Sm_t00008108-RA	91.2411490240593	-5.50106782061851	0.342181433149331	-14.3668456098642	8.35509034734331e-47	1.5924381579639e-45
Sm_t00008706-RA	14.9541836333817	-5.49490978600645	0.874656694068472	-5.61352793536396	1.98242579932845e-08	8.53755143878318e-08
Sm_t00016968-RA	58.9193338912437	-5.49201928087881	0.465070291894444	-10.5511346701813	5.01873024750888e-26	4.94101704864084e-25
Sm_t00008149-RA	1074.41205027147	-5.47426017027667	0.235192120337145	-20.7883672432052	5.51558074693732e-96	3.19022722508617e-94
Sm_t00014116-RA	2.57499368078752	-5.47243834929558	1.67752798908324	-2.91347648510266	0.00357428755373544	0.00941798197882393
Sm_t00004923-RA	375.922464232801	-5.46632312969592	0.230807991124642	-21.1488480355946	2.82762572658285e-99	1.7464546893565e-97
Sm_t00014893-RA	14.4635812557123	-5.46426048123485	0.890960344208082	-5.47640589500279	4.34051435214471e-08	1.83002500830237e-07
Sm_t00005363-RA	85.6339250792156	-5.46264641831906	0.385477256122295	-12.6535258328486	1.06964530054534e-36	1.51386163266647e-35
Sm_t00015420-RA	344.326872645236	-5.46254783691295	0.299604783454124	-16.2799397949526	1.37003664369664e-59	3.66914315284543e-58
Sm_t00014944-RA	3.56431956636666	-5.46218757709688	1.6942252164102	-2.87871265865756	0.00399301966298403	0.0104666753022798
Sm_t00014986-RA	6.13107942990624	-5.46187269420416	1.36359522042056	-3.57648121757132	0.000348250325789476	0.00103703144923151
Sm_t00011285-RA	85.0468394434782	-5.46169975462518	0.419172103776615	-11.6341228595309	2.76416998221813e-31	3.28193468024159e-30
Sm_t00013870-RA	384.922253667831	-5.46053635053686	0.476317456180077	-10.235896852568	1.36920618972024e-24	1.27848860472868e-23
Sm_t00018470-RA	53.0156143522132	-5.4573442308505	0.578493204565438	-8.42247444291171	3.68614882937703e-17	2.56383579122182e-16
Sm_t00007762-RA	70.1780522443671	-5.45477048171326	0.384522324236809	-12.6644675088206	9.30496080203939e-37	1.31916627268402e-35
Sm_t00009042-RA	23.563763553635	-5.45011680626164	0.674697496232025	-7.21081200602018	5.56191985355923e-13	3.1524484831776e-12
Sm_t00006437-RA	13.9483588243722	-5.44554694604699	1.05558240948401	-4.60461154181505	4.1323648564591e-06	1.48355460730379e-05
Sm_t00016359-RA	252.530798400435	-5.44536583340358	0.291596567224518	-16.6681174599058	2.23524150556492e-62	6.43085544036276e-61
Sm_t00009926-RA	45.8812832250496	-5.44527722286409	0.577275764394868	-8.4193335709475	3.7863191832065e-17	2.63131017746575e-16
Sm_t00008462-RA	75.6133623373096	-5.44078012147186	0.441466700365665	-10.9991990731121	3.85540948232607e-28	4.09066313099284e-27
Sm_t00011635-RA	10.1929055788234	-5.43877430893275	1.23123368201806	-3.94220396974289	8.07362695704051e-05	0.000257644593583105
Sm_t00002952-RA	17.1471142484259	-5.43557410751638	0.839072823614006	-5.78087380619034	7.43136200480889e-09	3.30199061819436e-08
Sm_t00000376-RA	110.709422087786	-5.43371338462069	0.403585904418498	-12.0140801042269	2.99685962575652e-33	3.80500668032409e-32
Sm_t00021961-RA	2.53337883777256	-5.43273929609098	1.74735119318252	-2.77433598638039	0.0055314517859127	0.0142074239322381
Sm_t00007042-RA	153.787200034191	-5.4292900839005	0.309066668158168	-15.673932465022	2.28023947666308e-55	5.47323187352357e-54
Sm_t00015417-RA	5.69406508139587	-5.42896507207562	1.43396056281657	-3.37803228183706	0.000730065096408311	0.00208995091527232
Sm_t00000679-RA	168.88601863212	-5.42835953600675	0.348968874514543	-13.8790588207743	8.48507794030477e-44	1.46016971414873e-42
Sm_t00003148-RA	26.2891304459539	-5.4263912900373	0.718468555242386	-6.738487376673	1.60043959169026e-11	8.33649866115582e-11
Sm_t00011933-RA	288.664576027908	-5.42545156113065	0.573781708097401	-8.43605066669181	3.28240541922271e-17	2.28875301270037e-16
Sm_t00004254-RA	33.5457120011288	-5.42421606707948	0.555623379066106	-8.70952564165541	3.05149073991972e-18	2.233380173356e-17
Sm_t00000510-RA	54.9290322063754	-5.42213681696461	0.468957060729784	-10.3146689153952	6.04894328232709e-25	5.71544510476488e-24
Sm_t00000907-RA	2264.48536126581	-5.41986260307406	0.141110857051907	-34.262867536093	2.80560566044112e-257	2.74916347597812e-254
Sm_t00000461-RA	191.599465543821	-5.41748452428285	0.239983537544165	-20.1367334348653	3.51786222006816e-90	1.78660209944803e-88
Sm_t00009350-RA	85.6435419141815	-5.41715347702927	0.436066137685941	-11.0812398840963	1.54715035970211e-28	1.67028066700698e-27
Sm_t00008798-RA	169.846657758511	-5.41512997560709	0.401989145773707	-12.0155731227781	2.94321932321434e-33	3.73975190588135e-32
Sm_t00013462-RA	162.171718290574	-5.40448908123798	0.310327436517254	-15.5303351045147	2.1624682113611e-54	5.02404399788748e-53
Sm_t00000386-RA	83.9275130684899	-5.4029730876379	0.352925545569042	-13.6515283411112	1.97688496413477e-42	3.28324523754307e-41
Sm_t00018692-RA	1.95341557195396	-5.39338160188792	2.02027653171173	-2.38006110867105	0.0173097672540084	0.0414409460933129
Sm_t00006842-RA	1105.75113282702	-5.38999506730682	0.192020740232989	-25.0233129060781	3.40913462215469e-138	4.98152320489937e-136
Sm_t00006389-RA	150.796176237751	-5.37761187535911	0.32825083857184	-14.6004558471531	2.78973790707445e-48	5.46722988894662e-47
Sm_t00009418-RA	36.0152932454276	-5.37728764290506	0.605898198898448	-7.9093941055076	2.58644600510463e-15	1.65966939726629e-14
Sm_t00001404-RA	9.77022233855924	-5.37388810101628	0.961321904153431	-4.98156557166303	6.3071904641051e-07	2.44736032497235e-06
Sm_t00005128-RA	47.4308446494522	-5.37343543145931	0.55775369580611	-8.58521506439985	9.06666538794654e-18	6.51002207036265e-17
Sm_t00009965-RA	161.999687495398	-5.3661756781001	0.289317605456513	-16.5256990515869	2.39645200145645e-61	6.73188826985861e-60
Sm_t00018118-RA	33.498085253208	-5.35988151080081	0.526711656363651	-9.065456313927	1.24083777732703e-19	9.6004996259701e-19
Sm_t00014895-RA	431.281437806247	-5.35465847693561	0.218033481220021	-21.8758075605942	4.41624640663428e-106	3.05252417600473e-104
Sm_t00006173-RA	16.9462853848114	-5.34349827210119	0.812257354696467	-5.85836280162633	4.6745256546851e-09	2.10113999880584e-08
Sm_t00004417-RA	22.9919432065304	-5.34288780135982	0.647628476802589	-7.34663155154947	2.03264164814387e-13	1.18266659360044e-12
Sm_t00010981-RA	294.990389469219	-5.34130541234324	0.222932199705072	-21.3352105197705	5.35031454324066e-101	3.37596741141299e-99
Sm_t00015587-RA	334.09291066069	-5.33425918305361	0.271394875171074	-17.4994431271405	1.44676749945453e-68	4.83940823411919e-67
Sm_t00006305-RA	28.7595876655984	-5.32694095795989	0.610018975813169	-7.77343188650611	7.63877376184344e-15	4.79271914594305e-14
Sm_t00011391-RA	18.1234850478884	-5.32381073083912	0.694957739107143	-6.81884734016686	9.17738583212708e-12	4.87024189842539e-11
Sm_t00012470-RA	2.52994375526757	-5.32182560553878	1.72652779438305	-2.74355595140096	0.00607776897401943	0.0155257591733194
Sm_t00022143-RA	134.826292280583	-5.31556404948405	0.339599186566895	-13.9298450544204	4.17259716239165e-44	7.30884579717351e-43
Sm_t00010131-RA	635.368910913125	-5.31403376770676	0.237442854082122	-19.9165133269127	2.92674466246937e-88	1.44669770289065e-86
Sm_t00018110-RA	181.244237927535	-5.31299875153794	0.371937788493368	-12.7117999240947	5.08503635698064e-37	7.29599790134225e-36
Sm_t00018824-RA	62.3136265092647	-5.29875959456136	0.475884187786473	-9.90526627179384	3.94916667219782e-23	3.50480652240124e-22
Sm_t00008381-RA	504.153151290498	-5.29482581075502	0.264577554570494	-17.8013052482883	6.90408322395913e-71	2.51109647040854e-69
Sm_t00003612-RA	488.701432925631	-5.29261698770014	0.412902955160472	-11.4012673652833	4.12076082044767e-30	4.70484124379831e-29
Sm_t00014890-RA	61.0035874990336	-5.28951687675464	0.405691343496484	-11.5962959332787	4.30302457884515e-31	5.04787207284524e-30
Sm_t00004251-RA	217.450935506141	-5.28934924073512	0.264029978799835	-17.8174814167657	5.17129223512056e-71	1.88497562478421e-69
Sm_t00018829-RA	1.45435119187924	-5.28765891874218	1.93377165731715	-2.43185843630911	0.0150215771024677	0.0363124991108557
Sm_t00005819-RA	51.3762688224616	-5.2802850807473	0.518122306481404	-9.06211722987422	1.27942589221515e-19	9.88528595200372e-19
Sm_t00001061-RA	24.9111164870035	-5.27727041904733	0.639242351318988	-7.34036224190321	2.13016525204899e-13	1.23768025003949e-12
Sm_t00003364-RA	392.536050224684	-5.27516724777129	0.233904420856504	-20.05164002714	1.95299721511609e-89	9.79910470162766e-88
Sm_t00001192-RA	20.9888723413713	-5.27501124558608	0.645056681470536	-7.27069632841298	3.57639107954877e-13	2.04797258862576e-12
Sm_t00018854-RA	49.672815790376	-5.27176051623169	0.50393811123189	-9.30027003668126	1.40089436565493e-20	1.12138867578471e-19
Sm_t00005313-RA	237.921491276865	-5.26913231727791	0.377023544663872	-12.4239782463823	1.93685203791066e-35	2.67086765294005e-34
Sm_t00014889-RA	675.512019099636	-5.2676831216099	0.265017098726012	-17.6693622567014	7.22085903756025e-70	2.52699726570753e-68
Sm_t00000380-RA	88.2605536320854	-5.26485391512059	0.821686721744194	-5.69542356141117	1.2306601311984e-08	5.38349171888208e-08
Sm_t00010123-RA	2.15135708925892	-5.2605019536319	1.6957655750698	-2.75716291353505	0.00583052943831804	0.0149331118363318
Sm_t00019818-RA	92.7189453486925	-5.25609660233738	0.311185800616568	-15.010635424503	6.25456462508546e-51	1.30890122518434e-49
Sm_t00001197-RA	47.1771957300693	-5.25528414344014	0.473782956075526	-9.85743383874629	6.36554506241673e-23	5.59513561158477e-22
Sm_t00015681-RA	102.886616901017	-5.24974411395802	0.45935881108694	-10.1549028806484	3.15123772842925e-24	2.90339148673531e-23
Sm_t00004042-RA	1611.87094394129	-5.24427447239524	0.124214865084532	-37.5097977945269	6.37663380795135e-308	1.51745665675505e-304
Sm_t00010968-RA	182.240104469638	-5.24297646798678	0.353509194543937	-13.1763941076442	1.19990262980697e-39	1.85589396539688e-38
Sm_t00003419-RA	241.45180799192	-5.24135426167254	0.301900789953612	-15.4234583565946	1.1384123996649e-53	2.59776352789287e-52
Sm_t00004123-RA	313.458122803135	-5.23944701939011	0.317017828596908	-14.6819724303528	8.41077938145511e-49	1.66397580684417e-47
Sm_t00000171-RA	301.892338113648	-5.23549876878907	0.18827953090356	-24.6999700204858	1.07027660970086e-134	1.41497363209499e-132
Sm_t00005797-RA	62.7114401490968	-5.23353924162788	0.444694914251042	-10.4533222500576	1.41480555805712e-25	1.37261683087452e-24
Sm_t00021504-RA	80.8729024721855	-5.23040479487928	0.384315316631958	-12.0874828398473	1.22997595965491e-33	1.58215749312212e-32
Sm_t00018138-RA	141.98690623907	-5.22826911370522	0.314179171968764	-14.7790481609865	1.99972234879588e-49	4.02797761623239e-48
Sm_t00006576-RA	338.542956872853	-5.22563603544323	0.297638209002871	-15.5915332611025	8.31144837051882e-55	1.95553823384326e-53
Sm_t00009175-RA	63.5715199642351	-5.22537943269352	0.454522769408261	-10.2093442727518	1.80077665173924e-24	1.67209238933513e-23
Sm_t00001417-RA	125.753794110129	-5.22524443672692	0.277195416855971	-16.7399753190651	6.70159679086826e-63	1.95508230021512e-61
Sm_t00014203-RA	17.9278030228554	-5.22331871283036	0.665365999445259	-6.97107864949141	3.14520065806469e-12	1.71050449108853e-11
Sm_t00015652-RA	312.866448198083	-5.22227281587092	0.437379605292629	-10.6023983737613	2.90434800027182e-26	2.88495104284603e-25
Sm_t00014960-RA	118.118373687823	-5.22212922115163	0.444937688994304	-10.4219744378881	1.96824075523053e-25	1.89410482383768e-24
Sm_t00000154-RA	245.725870696303	-5.22078754846133	0.326457636279996	-14.2002729704424	9.12562514958712e-46	1.69093063116599e-44
Sm_t00008503-RA	6.16476885416772	-5.20893398529646	1.29635437774711	-3.56687497236074	0.000361263735650945	0.00107348043319184
Sm_t00007954-RA	115.407506538754	-5.20823760751364	0.376661472024682	-12.2742514190851	1.24538321722928e-34	1.66631274157473e-33
Sm_t00007510-RA	194.046421781767	-5.20798123768066	0.327626137302878	-14.1105385417003	3.27070666294537e-45	5.9414865421313e-44
Sm_t00016671-RA	32.4869510094284	-5.20486446947671	0.540239939599261	-8.55150486079135	1.21493958295112e-17	8.65631461625308e-17
Sm_t00011733-RA	750.043176003173	-5.19711360773981	0.196927639403493	-23.4203467918989	2.65186437720237e-121	2.52427181688212e-119
Sm_t00009344-RA	53.9378690211484	-5.19320127624081	0.576930373765177	-7.98744785469805	1.37760896112243e-15	8.94318397286726e-15
Sm_t00007677-RA	37.2934741430858	-5.19169124843722	0.514866285748003	-8.94735463547506	3.64102997304281e-19	2.75943026801398e-18
Sm_t00001846-RA	501.70118127949	-5.18571817349925	0.234155495680322	-19.6481323666233	5.99795050278668e-86	2.83042094831219e-84
Sm_t00015684-RA	182.207398882568	-5.17576025269205	0.347356890024655	-13.2162636888135	7.0689070335783e-40	1.09947575504526e-38
Sm_t00002463-RA	148.648578981835	-5.17218842308168	0.265238122844296	-17.2946044629283	5.16563330409274e-67	1.65479076114571e-65
Sm_t00000332-RA	115.906139197166	-5.16953129695754	0.304217456240099	-15.0699152955223	2.55440326751573e-51	5.43438692596131e-50
Sm_t00016650-RA	9.11766173833661	-5.16627011939941	0.971272680674872	-4.71677028557644	2.39617973283902e-06	8.77265098673239e-06
Sm_t00010322-RA	249.203768665454	-5.16287731794421	0.298606353285146	-15.3308101705816	4.76012257345792e-53	1.07009611104807e-51
Sm_t00015411-RA	851.731055482098	-5.15820937514223	0.25698818758589	-17.7954069333003	7.67081336914345e-71	2.77783498050417e-69
Sm_t00011641-RA	39.9898387762372	-5.15732355646036	0.489573391934917	-9.33940371716157	9.68781601355527e-21	7.81121196291402e-20
Sm_t00017060-RA	22.9835747079347	-5.15408161134621	1.14340383230271	-3.99603489359004	6.44122440487549e-05	0.000207982004528816
Sm_t00009324-RA	3.59817310728882	-5.15334045954107	1.76370463107364	-2.59019587466873	0.00959213356981278	0.0238343915581655
Sm_t00015682-RA	36.4498885879425	-5.14462723133201	0.55559073630682	-8.20680931730655	2.27143873557813e-16	1.53002937554632e-15
Sm_t00001406-RA	167.197834402001	-5.14114123027911	0.325343314737051	-14.0041028166245	1.47125961634964e-44	2.61560754419982e-43
Sm_t00016975-RA	127.785493902112	-5.13707027306932	0.342990863081884	-13.27169543867	3.378493484312e-40	5.30933438317635e-39
Sm_t00009342-RA	8.31981463416619	-5.13680614309012	1.28614244419283	-3.53911509851988	0.000401470764956177	0.00118618304410075
Sm_t00006388-RA	103.131631023184	-5.13523587803954	0.357677825168832	-12.7216046336999	4.4855308481129e-37	6.44137697136764e-36
Sm_t00017653-RA	7.15066121836967	-5.1205688926307	1.07718596267855	-4.21057185089237	2.54725092391681e-05	8.53936524262551e-05
Sm_t00009757-RA	36.0041515536732	-5.1105957066711	0.478900162060857	-9.44997739653302	3.38903876725401e-21	2.77691135193887e-20
Sm_t00000924-RA	2182.43941550894	-5.10239498687696	0.120025475511722	-37.6369680488022	0	0
Sm_t00012990-RA	23.2201197498293	-5.10099199937369	0.61961487099989	-7.28838543220582	3.13691480350125e-13	1.80437592530123e-12
Sm_t00016430-RA	181.190426344842	-5.09972309727086	0.557124778871595	-8.10361209640508	5.33510244307047e-16	3.52947325244908e-15
Sm_t00010715-RA	27.4087022229017	-5.09957331000629	0.521055048424206	-8.6642924267972	4.5432584204711e-18	3.30054944475393e-17
Sm_t00015508-RA	14.1418362114688	-5.09721127178205	0.784156660978583	-5.75422169614814	8.70418686031469e-09	3.8460038387035e-08
Sm_t00020374-RA	7.37963355462856	-5.09618424748496	1.13574900385253	-3.9719904945395	7.12745645970497e-05	0.00022903003415464
Sm_t00006829-RA	728.709064455891	-5.09603787794897	0.19976598435855	-22.581611641411	6.57085873236135e-113	5.23719448630026e-111
Sm_t00015683-RA	48.1192987071192	-5.09499307260816	0.869958151287485	-5.18414945125078	2.1700287664869e-07	8.7104431788286e-07
Sm_t00001407-RA	181.223058892137	-5.08989736487733	0.241472699075856	-18.6559283186799	1.13022109509702e-77	4.69506808033072e-76
Sm_t00020270-RA	43.197120426636	-5.08356952806673	0.524718619637426	-8.57329883047639	1.00562117552756e-17	7.20500539438199e-17
Sm_t00002891-RA	210.511410569468	-5.08088371678426	0.281269113027508	-15.9842780758674	1.64461146616697e-57	4.15089966718324e-56
Sm_t00008079-RA	252.139308728146	-5.08015934558208	0.253709582318043	-17.7177357847962	3.0598251172786e-70	1.08217763914282e-68
Sm_t00000898-RA	442.280567714637	-5.07907850340311	0.206475743288206	-21.7656487480474	4.91100151914662e-105	3.31204304882366e-103
Sm_t00000375-RA	103.739189720942	-5.06883626244144	0.32080390466288	-13.9768755843334	2.1575384044899e-44	3.80723249385516e-43
Sm_t00010200-RA	1.99052821976667	-5.06348641455777	1.66268935415084	-2.69351963033708	0.00707019818834925	0.0179153272621725
Sm_t00004413-RA	44.1195182492892	-5.05475640158441	0.527072684157018	-8.48034158463967	2.24533757615979e-17	1.57751300479417e-16
Sm_t00014053-RA	91.6724011104505	-5.05351529379675	0.328296028913626	-13.6112377252434	3.43378760384212e-42	5.65217726332036e-41
Sm_t00010519-RA	68.3117304427915	-5.05319229651584	0.454048888623426	-9.84077355648285	7.51309171426876e-23	6.58007790621919e-22
Sm_t00005081-RA	27.8336378098046	-5.04409076135756	0.535006102221118	-8.33465402141267	7.77251342748461e-17	5.32816990432258e-16
Sm_t00008851-RA	130.17018560628	-5.04219798979574	0.754628199606546	-5.90648214858611	3.49490147351537e-09	1.58201273765812e-08
Sm_t00000633-RA	148.134153159115	-5.04185471122913	0.334263063265656	-13.3333748206784	1.4804588305224e-40	2.34647794470429e-39
Sm_t00009065-RA	372.467481682075	-5.04109351646767	0.229537682723917	-19.4133419122618	5.95265772216824e-84	2.70189025438361e-82
Sm_t00016598-RA	83.0407071383767	-5.03998165790406	0.360523255452849	-12.3569883232864	4.46576194591592e-35	6.07766850449896e-34
Sm_t00009738-RA	35.7739094951098	-5.03925934901377	0.518616962669476	-8.58872668970635	8.79384265549652e-18	6.31685342627257e-17
Sm_t00016996-RA	6.78671989494846	-5.0323638109824	1.11643160063784	-3.98355242581949	6.78926854830505e-05	0.000218753646958734
Sm_t00001777-RA	64.4719453318445	-5.0309200127975	0.457588577567062	-9.71597682012927	2.57765476153263e-22	2.2133285060624e-21
Sm_t00013156-RA	74.4080330139812	-5.02656244095317	0.386332023259671	-11.4967493594695	1.36977501698173e-30	1.58566450541221e-29
Sm_t00001809-RA	402.003915928446	-5.02454282681071	0.203097336559259	-21.8591878260076	6.35650684162558e-106	4.37548309784293e-104
Sm_t00011721-RA	249.275308550909	-5.01713162784849	0.272897227856162	-16.2410283998361	2.58553084991084e-59	6.90220719516262e-58
Sm_t00012697-RA	111.873524286495	-5.01367937759445	0.349034598742138	-12.6883678396201	6.86004809270294e-37	9.75872597166913e-36
Sm_t00007758-RA	979.425807790042	-5.01068264996364	0.21308984010362	-20.7690927348369	8.23999811439199e-96	4.73316857205317e-94
Sm_t00003693-RA	102.419037841014	-5.00760001266697	0.341042746035249	-12.9678759160879	1.86116657012267e-38	2.78556268868854e-37
Sm_t00003561-RA	529.024326806406	-5.00707736906333	0.291311956176271	-15.1798691241754	4.80739992728266e-52	1.04956314532994e-50
Sm_t00019238-RA	712.390491561278	-5.00268437723595	0.157319508533311	-28.0809698582331	1.67303502753232e-173	4.09844374832843e-171
Sm_t00005085-RA	454.319693392741	-5.00227866201411	0.268086135890983	-16.4770872888794	5.36059936121309e-61	1.49076567878277e-59
Sm_t00001855-RA	57.6217402283187	-5.00112695753718	0.400983261376085	-11.013245147396	3.29902531212803e-28	3.51375726658751e-27
Sm_t00016410-RA	22.7511707796879	-4.99647808426998	0.622248245904425	-7.08957897962089	1.34520613452846e-12	7.47446423915112e-12
Sm_t00003434-RA	124.561866199864	-4.99633059356095	0.260650991008248	-16.9242809186993	2.97963759554079e-64	9.02450964845791e-63
Sm_t00018635-RA	9.60001191660002	-4.99601001750185	1.06018657617952	-4.16059787645807	3.1741554667802e-05	0.0001052659402063
Sm_t00018125-RA	3.33603168781935	-4.99267938841897	1.52997980125923	-2.88087423428157	0.00396573846871034	0.0104033498286263
Sm_t00004414-RA	55.7488003805107	-4.99017162777544	0.440252552227929	-10.0060104262491	1.43420032948829e-23	1.29070281407973e-22
Sm_t00007723-RA	174.033553346839	-4.98882770906372	0.397019055110338	-11.0922326079282	1.36829484357242e-28	1.4810302471884e-27
Sm_t00002599-RA	94.4897106338648	-4.98434166566273	0.315394535408193	-13.9486933721568	3.20421870328396e-44	5.63631205483678e-43
Sm_t00010724-RA	172.629631783643	-4.98310374756555	0.352887608248966	-12.463185571715	1.18539145586222e-35	1.64689331707697e-34
Sm_t00006260-RA	141.975141555638	-4.98193635372304	0.285047940629764	-15.4252521313038	1.10721904228056e-53	2.53004867027566e-52
Sm_t00017044-RA	230.873930360761	-4.97986947881759	0.262847506896205	-16.7202250868336	9.33659310396068e-63	2.70015569315585e-61
Sm_t00015685-RA	66.9155840130053	-4.97054602319651	0.436805371771098	-10.0400459944313	1.01626759693088e-23	9.22058040831951e-23
Sm_t00007511-RA	128.172572590701	-4.97051672155609	0.326335408465613	-13.4386787574668	3.58785503831864e-41	5.78572015762941e-40
Sm_t00014499-RA	11.4311009540387	-4.96785777367739	0.925415867224471	-4.73609533714022	2.17875126072419e-06	8.00712523668964e-06
Sm_t00009174-RA	159.085556604037	-4.9664575529276	0.357963792861972	-12.2399461629826	1.90158725229324e-34	2.52001912877492e-33
Sm_t00008920-RA	11.2493457104019	-4.96246195298273	0.848356162351649	-5.15993417298741	2.47036686986907e-07	9.87316970208227e-07
Sm_t00017250-RA	538.274588633775	-4.9611988684837	0.210598077232868	-20.7798614592513	6.5848365147616e-96	3.79550888106916e-94
Sm_t00010207-RA	3.55214703750917	-4.95840814099566	1.51377002837313	-2.88908358536852	0.00386366358317589	0.0101483613952293
Sm_t00012005-RA	401.981363596064	-4.95396887784564	0.208878306128096	-20.9163362094977	3.8022733179127e-97	2.22239540104525e-95
Sm_t00008082-RA	43.3152318320331	-4.95306536759183	0.468331022480017	-9.32687598711914	1.09037325944981e-20	8.76613791308635e-20
Sm_t00014235-RA	32.8398656530893	-4.95190255120032	0.587614242157211	-7.43158051304004	1.07307652527625e-13	6.31859623826504e-13
Sm_t00011712-RA	10.8403743767534	-4.95023620892874	1.00113198047566	-4.36030043396948	1.29883991579694e-05	4.47859145463578e-05
Sm_t00010132-RA	169.343495125272	-4.94813802560206	0.308779700218816	-14.1302618744371	2.47223250263802e-45	4.51067349714612e-44
Sm_t00015483-RA	30.5006031844727	-4.94726700390604	0.516333374460839	-8.44854743015821	2.94949430661981e-17	2.06093440267084e-16
Sm_t00003490-RA	41.8480613881348	-4.94645381445095	0.464165574066346	-9.39633195164004	5.64983905863087e-21	4.59545991399771e-20
Sm_t00013473-RA	84.8444583684773	-4.94440426703082	0.44147941931806	-9.87453565505877	5.36810041230201e-23	4.7338177166822e-22
Sm_t00006418-RA	81.9292825412439	-4.94340970957559	0.337031551843908	-12.9317557532244	2.97936402931112e-38	4.41550231319081e-37
Sm_t00004118-RA	57.5070109126784	-4.94059360397007	0.367764304642413	-11.8434376283613	2.32714877886129e-32	2.86448110018104e-31
Sm_t00005244-RA	44.9821446508353	-4.93987673544998	0.446189822114105	-9.76014359721613	1.66918707560665e-22	1.44518286410892e-21
Sm_t00011414-RA	374.383924137354	-4.93885962126703	0.202939338244694	-21.4539953610047	4.19065825328763e-102	2.71626401491305e-100
Sm_t00007884-RA	444.165938140192	-4.93650269858311	0.178451856703055	-24.3847431961665	2.4827654867448e-131	2.93318492753156e-129
Sm_t00012085-RA	104.521591331927	-4.93316413709027	0.308209854877237	-14.1078037197162	3.40002937243103e-45	6.16063962467406e-44
Sm_t00006795-RA	11.0657481872377	-4.93310433974783	0.82022926062738	-5.30108415837547	1.15117003820883e-07	4.70119894495775e-07
Sm_t00008860-RA	22.5687842060883	-4.92926164369816	0.838086426924277	-5.18354850303604	2.17703579042284e-07	8.73435987400376e-07
Sm_t00007509-RA	940.866289560764	-4.92822069212308	0.146184669550549	-29.7105073020071	5.61793508437873e-194	2.46272533251529e-191
Sm_t00004347-RA	16.9814370334396	-4.92630155979675	1.29450663980128	-3.35363406128468	0.000797577667830804	0.00227656764748553
Sm_t00021513-RA	38.5828900407665	-4.91827989063477	0.435853721909083	-9.9420509056446	2.73144669894834e-23	2.44101068192497e-22
Sm_t00001027-RA	3084.57910527753	-4.91792488436217	0.216593788335703	-20.0048437106907	4.99750196591935e-89	2.49246669905044e-87
Sm_t00002485-RA	17.8749355262372	-4.91685608315528	0.710215025620375	-6.0993585419731	1.06494955787778e-09	4.97893060205672e-09
Sm_t00001343-RA	216.752459737342	-4.91486116628654	0.272362628739853	-15.8974128951524	6.60360527916355e-57	1.65417829684671e-55
Sm_t00000808-RA	55.3444261165983	-4.9005262913122	0.456742526311571	-9.4484880270779	3.43760153712455e-21	2.81531791570407e-20
Sm_t00012123-RA	211.179358228471	-4.89489737470236	0.284422643909863	-15.153144332869	7.22267371048273e-52	1.56253634635352e-50
Sm_t00005653-RA	41.5668842781669	-4.88926221272487	0.465384283713249	-9.24883448659168	2.26953830423485e-20	1.80803295418193e-19
Sm_t00004132-RA	88.3910865826584	-4.88910022260939	0.836024502296776	-5.14829435116425	2.62865766776636e-07	1.0488186689737e-06
Sm_t00012970-RA	82.9299311930114	-4.88897505477431	0.321905717261473	-13.3702970279287	9.01800160852592e-41	1.43478386623519e-39
Sm_t00021033-RA	6.11330319714946	-4.88727910324554	1.24360581070566	-3.45951994290241	0.00054113920310459	0.00157345031337341
Sm_t00012415-RA	1111.01881917539	-4.88706093861327	0.140384579809325	-30.6448254107144	3.09735875697454e-206	1.71986007245606e-203
Sm_t00014629-RA	520.465219984485	-4.88667600050141	0.476427273858832	-9.02902968937924	1.73200676912339e-19	1.33080114206907e-18
Sm_t00009922-RA	74.2290293311953	-4.87974098601575	0.368032894477003	-11.6694487108791	1.82602678809667e-31	2.18049851154942e-30
Sm_t00004312-RA	7.6785364141753	-4.87669403254856	0.976482228253857	-4.39505595531724	1.10744223440111e-05	3.84488802431298e-05
Sm_t00006708-RA	30.3786913618538	-4.87577345019741	0.481811946467463	-8.90549410751725	5.3148777875461e-19	3.99888139950058e-18
Sm_t00014243-RA	82.6114646005092	-4.87538758513153	0.382236637073898	-11.2244279302354	3.09382156109412e-29	3.4107795873399e-28
Sm_t00001880-RA	198.555357671133	-4.87445708078929	0.30038977539313	-14.279637431652	2.93122469023025e-46	5.4986870371459e-45
Sm_t00005018-RA	60.2228183573177	-4.87417080212445	0.395449958132517	-10.8463048583435	2.07651355631727e-27	2.13785925964976e-26
Sm_t00014363-RA	13.9171103628661	-4.86697633257776	0.708705218500197	-6.04197093629354	1.52242894450721e-09	7.03484642374511e-09
Sm_t00004877-RA	34.2430485917436	-4.86635559228336	0.561807155796728	-7.62068540442805	2.52332243572015e-14	1.53519010716677e-13
Sm_t00008727-RA	35.8080664918174	-4.86622878720954	0.58106108530688	-7.36794959336928	1.73272273511016e-13	1.01347244808515e-12
Sm_t00008852-RA	71.169593640398	-4.86475826116574	0.446384599040689	-9.58760286614554	9.01552219449532e-22	7.53918517650115e-21
Sm_t00012536-RA	95.2864843217787	-4.86251188418729	0.387082044410988	-11.050659533165	2.17610255355419e-28	2.33265870895147e-27
Sm_t00011750-RA	29.5459243344506	-4.86146074746888	0.503591963354119	-8.49191619140619	2.03257572265804e-17	1.43226084551767e-16
Sm_t00013188-RA	46.9924494335927	-4.85904022536085	0.44238671985332	-9.66132126836442	4.40150002100519e-22	3.72940932603787e-21
Sm_t00012947-RA	537.725343973805	-4.85614732395209	0.229904274022761	-18.5779378922256	4.847781698295e-77	1.98413630295327e-75
Sm_t00003636-RA	34.475154798576	-4.85536517242284	0.480164708712048	-8.89354235107634	5.91910886557133e-19	4.44146466138231e-18
Sm_t00008845-RA	9.56223989498972	-4.85076331122725	0.952942790135183	-4.47641070942162	7.59083935843248e-06	2.66937306381187e-05
Sm_t00004125-RA	36.1318846929437	-4.84397616221234	0.456080262367358	-9.33821634838009	9.79705674601421e-21	7.891652382742e-20
Sm_t00014274-RA	42.5029227733173	-4.84392705698579	0.40577343519854	-10.4958252254782	9.02853143379789e-26	8.8106196030583e-25
Sm_t00001927-RA	168.837011240325	-4.8406148600607	0.262466210737562	-16.2139532098319	4.01866308171285e-59	1.06427487464503e-57
Sm_t00007232-RA	1773.94565348701	-4.83994000830016	0.143579776949683	-29.6346748734069	5.3445299226656e-193	2.22572948629409e-190
Sm_t00003634-RA	48.9711634012235	-4.8371574188687	0.513064179043787	-8.28776904050011	1.15392370424393e-16	7.86500043588188e-16
Sm_t00016581-RA	16.5596099528127	-4.83552862485664	0.750627892924349	-5.66263079872656	1.49069667749732e-08	6.47341638523209e-08
Sm_t00000756-RA	86.2707982929013	-4.83504407964513	0.315892791746335	-13.4540710984566	2.91377927623312e-41	4.70783076464513e-40
Sm_t00001808-RA	244.560903955268	-4.83454752827501	0.272019023275536	-15.6222439045027	5.13656397719391e-55	1.21368627988789e-53
Sm_t00012426-RA	62.2515615553195	-4.83452397800946	0.404747093371878	-10.4992081415765	8.71077569761554e-26	8.50551591857442e-25
Sm_t00004364-RA	238.598091417255	-4.82028946918784	0.29971048875671	-14.131268767927	2.43713423472199e-45	4.45151119320164e-44
Sm_t00006469-RA	30.5600857408003	-4.81125842803724	0.60028813490123	-7.04038307992315	1.91712020258061e-12	1.05641377223248e-11
Sm_t00003559-RA	728.20236505818	-4.8063381286172	0.253294555360041	-16.6657278622387	2.32639271619398e-62	6.6815603217861e-61
Sm_t00005724-RA	99.8309336685062	-4.80619524865621	0.335566184057438	-12.5793224979239	2.74372824486157e-36	3.85371206601214e-35
Sm_t00016578-RA	9.93478634255921	-4.8044073265592	0.954329178771715	-4.42133324686756	9.80937510579637e-06	3.41993659506814e-05
Sm_t00016672-RA	266.077716593758	-4.80286389659724	0.237894637593512	-17.7299662542384	2.46182024356688e-70	8.72531949305045e-69
Sm_t00005769-RA	133.477034910005	-4.79728799477736	0.364669807094239	-11.5509644967367	7.29966041771828e-31	8.50333868799658e-30
Sm_t00010222-RA	1178.36892221134	-4.79317320445431	0.143445108023455	-29.3364706711799	3.55567686265234e-189	1.31623255951251e-186
Sm_t00021487-RA	234.208271322072	-4.79235489190321	0.232473385089857	-18.0982218255951	3.2912257667865e-73	1.24320269440203e-71
Sm_t00004105-RA	121.831043537657	-4.79038593886226	0.26465099829231	-15.8903082399008	7.3962986272304e-57	1.84718954321445e-55
Sm_t00015658-RA	1.91129257769529	-4.78833253221119	1.64906296773592	-2.5489217904045	0.0108056530113908	0.0266549041705535
Sm_t00011545-RA	347.690368077457	-4.77604803977951	0.223506999689171	-18.7513055323008	1.88896457439908e-78	8.02713568376016e-77
Sm_t00002415-RA	105.196343773965	-4.77218747371573	0.280045282105294	-14.9518229417677	1.51543306283173e-50	3.13591105101254e-49
Sm_t00006419-RA	41.1071041921205	-4.77029273713007	1.14863618006723	-3.6437061706389	0.000268740198496661	0.000809232506608348
Sm_t00000634-RA	250.378601852711	-4.76857284670236	0.244760182413224	-17.0925385226234	1.68668836367328e-65	5.23218896872802e-64
Sm_t00003582-RA	126.28481809156	-4.76742265212812	0.275631536098419	-15.1739627160613	5.26027498622373e-52	1.14693273194391e-50
Sm_t00005610-RA	6.42444211568624	-4.76638636486253	1.20986531247621	-3.45607591336308	0.000548100934790733	0.0015920253481681
Sm_t00009370-RA	94.7460785517213	-4.76251653322576	0.284420316675579	-14.6878274451498	7.71478595516283e-49	1.52809636671941e-47
Sm_t00002588-RA	139.787884387424	-4.75950231768698	0.275998601696927	-15.1250850258691	1.10657623756723e-51	2.37543130997358e-50
Sm_t00000335-RA	133.792704785702	-4.7566752688882	0.417996747672653	-9.98016202785188	1.86162534879504e-23	1.67265129774691e-22
Sm_t00007897-RA	256.354865936026	-4.75088032278251	0.261112958833042	-15.954322379864	2.65843357656221e-57	6.6693051985502e-56
Sm_t00013359-RA	5.02646651833234	-4.75020313917279	1.20185933303028	-3.46563281134653	0.000528985187922658	0.00154133903453134
Sm_t00014119-RA	12.5110480035148	-4.75010302132512	0.888293462050514	-4.6888817707951	2.74702034787776e-06	9.9977856576246e-06
Sm_t00012229-RA	45.7188060891905	-4.7430659131091	0.438908822453591	-9.47364395608329	2.7024791190375e-21	2.22530386381249e-20
Sm_plastid_g00068	4.61076990422846	-4.73586750480264	1.33325915261881	-3.11332384004224	0.00184992909312555	0.00505016696710677
Sm_t00002462-RA	28.2678942702981	-4.72777232734967	0.573872273360342	-7.21897976197984	5.23790490193658e-13	2.97487282156357e-12
Sm_t00019902-RA	39.6416297462957	-4.72727156155065	0.460230500815883	-9.00042816416415	2.24839088990675e-19	1.72042698410963e-18
Sm_t00004091-RA	130.157801451233	-4.72183921527449	0.241421899490569	-17.1353105248685	8.09197526495652e-66	2.53376172863996e-64
Sm_t00003108-RA	125.639970025144	-4.72026264141151	0.667452777532665	-6.19558833315235	5.80677150889856e-10	2.75581765798382e-09
Sm_t00014260-RA	2.82839816358255	-4.70622187939116	1.69480128829579	-2.43168441507102	0.0150287954775515	0.0363194073792329
Sm_t00008918-RA	117.61681320682	-4.70493258316202	0.309379045248391	-13.3167796799368	1.84913017119726e-40	2.92246777910854e-39
Sm_t00006756-RA	494.914627130072	-4.70347933741084	0.270798123775398	-15.2086701340174	3.09772084875325e-52	6.79866059269192e-51
Sm_t00009709-RA	34.7848241783287	-4.70313550849982	0.464362871350734	-8.86835654306519	7.42333188325938e-19	5.53526689844829e-18
Sm_t00005726-RA	16.5435558135719	-4.70073065983279	0.740700315884628	-5.5565396308996	2.75175265124114e-08	1.17535117088141e-07
Sm_t00017026-RA	72.3909582776803	-4.70007849105711	0.468236517803162	-8.78846124681589	1.51622320520075e-18	1.11906274489296e-17
Sm_t00001156-RA	148.872101181077	-4.69747635557562	0.255632838641895	-16.0874337484341	3.1252554003066e-58	8.04644582044936e-57
Sm_t00000162-RA	250.039617008418	-4.69282153733345	0.22773257635995	-18.037917995714	9.81735105498974e-73	3.65855556765144e-71
Sm_t00015005-RA	85.4458454533356	-4.69229005507598	0.372939483907097	-11.013288300949	3.29744506891466e-28	3.51375726658751e-27
Sm_t00008356-RA	194.124386349549	-4.68919957836876	0.29142557996774	-14.0831823301959	4.8189896735295e-45	8.67834918720588e-44
Sm_t00012736-RA	14.9201264802419	-4.6891584868946	0.710459817218613	-5.77676370630223	7.61511115422275e-09	3.38002988561265e-08
Sm_t00000446-RA	13.6460021609631	-4.68674097553885	0.780952140659478	-5.25223091401622	1.50267904429728e-07	6.10229827398931e-07
Sm_t00004996-RA	25.6779661666664	-4.68614729301935	0.64651128418739	-6.34350458116776	2.24596290150203e-10	1.09716275698595e-09
Sm_t00013945-RA	129.817157608218	-4.679811390741	0.281829125017653	-14.5294117152885	7.88950621582005e-48	1.52817900631547e-46
Sm_t00017232-RA	9.47301499164843	-4.67979751700684	0.998190840787297	-4.10221908445601	4.09206525559138e-05	0.000134475484370963
Sm_t00015491-RA	37.6539736633353	-4.66851029237647	0.458089713672602	-8.91421520827897	4.91283269151264e-19	3.70140058684837e-18
Sm_t00012122-RA	130.015408627203	-4.66580748934431	0.349271526741819	-11.683768005403	1.5430063637641e-31	1.8478360896896e-30
Sm_t00011629-RA	11.8194291514485	-4.66458964061497	0.810523285933914	-5.03327876128114	4.82161199605674e-07	1.89073476060059e-06
Sm_t00011205-RA	12.787182650832	-4.66006856674556	0.749109613986565	-5.43988288317262	5.33156083983775e-08	2.2303651549477e-07
Sm_t00006780-RA	163.489745188258	-4.64877189242222	0.296854084302146	-13.6894592573165	1.17379521506161e-42	1.95726533458421e-41
Sm_t00002892-RA	9.9947610084141	-4.64418629434577	0.860655778594052	-4.71638766078671	2.40068821387881e-06	8.78722572331207e-06
Sm_t00008286-RA	109.833481167297	-4.64296696863462	0.275606880667438	-14.723750578387	4.53778959301696e-49	9.06360899765905e-48
Sm_t00017870-RA	2.04063954415465	-4.64089138136259	1.71942062446802	-2.35887096132598	0.018330628526134	0.0437403824650251
Sm_t00001246-RA	116.210182492624	-4.63825526224253	0.26043393195416	-15.5634683692291	1.28919339485117e-54	3.00355014985047e-53
Sm_t00008631-RA	24.2728158279608	-4.63768140299762	0.552083684004125	-7.34070127485844	2.12477574513889e-13	1.23497956603362e-12
Sm_t00014373-RA	85.2832574512785	-4.63637275788873	0.388221492799976	-10.4357250513591	1.70308570905892e-25	1.64654682190966e-24
Sm_t00004117-RA	16.6887443372365	-4.62845082527723	0.610036221605914	-6.62821432903261	3.39771898404777e-11	1.73563946140042e-10
Sm_t00009203-RA	1101.73787783633	-4.62736515875918	0.283059650210593	-14.280965710767	2.87588360599226e-46	5.40095480367746e-45
Sm_t00016634-RA	243.939468915122	-4.62514311363237	0.263384069073353	-15.3393602272398	4.17287257946435e-53	9.39347451739421e-52
Sm_t00017297-RA	185.34775812762	-4.62452467426138	0.24949548694066	-16.1907725217576	5.85883747354028e-59	1.54669595299895e-57
Sm_t00008118-RA	120.974654771543	-4.61617461050001	0.271652387244985	-14.8394595438051	8.14091848392165e-50	1.64977396721614e-48
Sm_t00007285-RA	26.9741658867327	-4.61114896318745	0.576068154730401	-6.98901498047862	2.76822866109828e-12	1.50992642555911e-11
Sm_t00015654-RA	38.1778565207142	-4.60989137986955	0.459814808779458	-8.75328785202309	2.07225240118183e-18	1.52269874278284e-17
Sm_t00014122-RA	484.972883582485	-4.60912965579858	0.280910736834127	-14.3252967157847	1.52077181325435e-46	2.87875191649898e-45
Sm_t00014514-RA	29.8398800842404	-4.60769808876389	0.643171090793396	-6.25447590282955	3.98853038119704e-10	1.91527642231133e-09
Sm_t00012660-RA	24.424680998255	-4.6072112126654	0.660839192657626	-6.08652037796019	1.15390977005071e-09	5.38879421068255e-09
Sm_t00011742-RA	45.9855156740237	-4.6007434453712	0.429325271586443	-9.35361533816126	8.47018549066034e-21	6.84269398173714e-20
Sm_t00003937-RA	251.910653720209	-4.60047969722232	0.231195672489232	-17.3683168633243	1.43370054534059e-67	4.65547440239446e-66
Sm_t00006394-RA	30.4405252047414	-4.5979289501391	0.538791703715502	-7.44801548068759	9.47547051250577e-14	5.59328092832463e-13
Sm_t00002895-RA	7.31100349710961	-4.59770584162542	1.01461056259095	-3.95492220323276	7.65595601702942e-05	0.000244831858958871
Sm_t00015474-RA	138.888518846337	-4.58965005242509	0.265036806895472	-15.1097883321711	1.39587403378479e-51	2.98874931295464e-50
Sm_t00006446-RA	37.0037771018048	-4.58564649984599	0.436311487777878	-9.16924401926976	4.76347814103419e-20	3.74116072010125e-19
Sm_t00014999-RA	130.611562411637	-4.58080633833013	0.241060027827529	-16.5759805735566	1.03953310538578e-61	2.9399902325155e-60
Sm_t00003214-RA	2.32763428143839	-4.57724059226127	1.68613040685531	-2.36769384860743	0.0178993405143634	0.0427479877115792
Sm_t00010105-RA	23.6211424155101	-4.57607509745164	0.52976189915992	-7.53371487036076	4.93167534634059e-14	2.95829484765364e-13
Sm_t00007075-RA	5.58575195822603	-4.57346542686606	1.0820611774641	-3.68598884234379	0.000227816332147934	0.000691628296140019
Sm_t00018508-RA	113.245227120579	-4.57294763214046	0.281948889554533	-14.1442218071554	2.02747024173923e-45	3.71546746830495e-44
Sm_t00009814-RA	153.071924078231	-4.57270505804258	0.307002240676083	-12.9891724870178	1.40942728123093e-38	2.11897469772065e-37
Sm_t00014000-RA	278.185387387821	-4.572412950501	0.267452880066882	-14.9088428193552	2.88712798009941e-50	5.90107704202404e-49
Sm_t00018734-RA	5.84399611595165	-4.57143293933695	1.21346429173742	-3.2851670761809	0.00101921914085097	0.00286696258836466
Sm_t00016907-RA	126.475399989037	-4.56950881905353	0.333117114163458	-11.9612852346528	5.6677823848228e-33	7.12020505025477e-32
Sm_t00005442-RA	30.6170414323329	-4.56842426314063	0.485194261134251	-8.20995749996811	2.21266801342549e-16	1.49225197439845e-15
Sm_t00016887-RA	32.0004399797242	-4.56718798259986	0.498395791610541	-7.99001125136234	1.34926439028324e-15	8.76600866354844e-15
Sm_t00004370-RA	60.414823925219	-4.55888847017205	0.396769575590369	-10.0156078355029	1.30159331105914e-23	1.17453636921036e-22
Sm_t00019909-RA	420.294100650138	-4.55515152478835	0.172459348474704	-23.0207962624344	2.88596153172544e-117	2.51698152855929e-115
Sm_t00010584-RA	221.515906476751	-4.55086752916954	0.253073411176934	-15.6708186400381	2.39474942748648e-55	5.73981812418269e-54
Sm_t00010106-RA	69.6169868707541	-4.55003214045876	0.320144872098462	-12.3851183824031	3.14620294908147e-35	4.30291040441701e-34
Sm_t00002605-RA	186.445041351066	-4.54947357103453	0.326193131237706	-12.153761656451	5.47856369589159e-34	7.11316555309136e-33
Sm_t00004921-RA	245.078823393645	-4.54662820506606	0.328012360439808	-12.0776796330303	1.38575243248821e-33	1.77978905322965e-32
Sm_t00011498-RA	437.822130464072	-4.54255628078256	0.224832776482681	-17.6022212717166	2.36849861198567e-69	8.13493811926956e-68
Sm_t00018099-RA	155.236841163416	-4.53853562400951	0.253722329965977	-15.5821351023368	9.62842363199588e-55	2.25584079974384e-53
Sm_t00018471-RA	253.77773988568	-4.53727978258073	0.306820739779762	-12.8813970835795	5.72890362133382e-38	8.43039545266597e-37
Sm_t00015591-RA	6.05493552846219	-4.53414768898772	1.18747499483807	-3.3256680824056	0.00088206899139495	0.00250187387343046
Sm_t00012242-RA	339.409402575133	-4.53413390499201	0.214944265020481	-18.3728275077063	2.16816610486846e-75	8.57893372325386e-74
Sm_t00014296-RA	2.80365477480123	-4.53038132569619	1.6160552391078	-2.44136538790245	0.0146318421140016	0.0354166268432197
Sm_t00012295-RA	62.8995294985849	-4.52993899614928	0.509411706423979	-7.74410746043188	9.62555777932112e-15	6.003526529606e-14
Sm_t00003005-RA	28.9971284924099	-4.52991966564056	0.578659648307439	-6.81734017082291	9.27414897090689e-12	4.92002463558494e-11
Sm_t00020287-RA	137.720809865229	-4.52953000579538	0.243127678418577	-16.2241092065394	3.40623422420053e-59	9.03519899788733e-58
Sm_t00001546-RA	530.154168455325	-4.52947905059869	0.212992612027649	-18.519323337312	1.44238471385656e-76	5.87463192259721e-75
Sm_t00007074-RA	84.0319091361536	-4.52912487805428	0.343186645937919	-11.4926525397721	1.43632738760374e-30	1.66039844709945e-29
Sm_t00001856-RA	98.0529647186586	-4.5289100672134	0.285964950271513	-13.791585519375	2.86395455579782e-43	4.85822352245214e-42
Sm_t00004931-RA	173.635366066868	-4.52861401041118	0.337042705159977	-11.7006360026079	1.26501802247539e-31	1.5258993641126e-30
Sm_t00014236-RA	6.04269847454676	-4.52766778824904	1.20686267454979	-3.26687358171866	0.00108742227580578	0.00304441685216348
Sm_t00002135-RA	232.915761812412	-4.5271610597316	0.209075512265819	-18.8552022042617	2.66318766525604e-79	1.15229558773598e-77
Sm_t00011426-RA	6.07275610084389	-4.52661397957985	1.1475849200855	-3.43470353312607	0.000593202415686376	0.00171584751528106
Sm_t00001670-RA	3.01025484203626	-4.52446651457803	1.49312887793959	-2.63839684087699	0.0083299039808523	0.0209069670804637
Sm_t00005561-RA	5.58413893049662	-4.52397050425477	1.1991803233245	-3.28471909323423	0.00102084094363568	0.00287055510450423
Sm_t00014909-RA	4.08792075230741	-4.52111521013596	1.43931077469971	-2.73472225687824	0.00624329308778649	0.0159290513488049
Sm_t00011156-RA	481.656504726885	-4.51779236981734	0.20953683068134	-18.768978976294	1.35463997264834e-78	5.80092356410694e-77
Sm_t00003665-RA	376.815652864555	-4.51442027315568	0.186824648561679	-21.0326651403195	3.29603982679986e-98	1.97501551923856e-96
Sm_t00001825-RA	296.104856120034	-4.51139770937332	0.167697443956859	-23.4135811299747	3.10800819656661e-121	2.94165912150038e-119
Sm_t00011874-RA	144.748332746364	-4.50594535916391	0.339125152511968	-11.5619420444655	6.42393029282797e-31	7.49893698794172e-30
Sm_t00008233-RA	148.484042851523	-4.50426873457727	0.280012497124421	-13.9967636260026	1.63132041656037e-44	2.89090803181518e-43
Sm_t00008708-RA	81.1195964417486	-4.49954153668775	0.356884475196476	-10.9686517872	5.40726339861185e-28	5.70812380824311e-27
Sm_t00000493-RA	177.930255851342	-4.4993236768896	0.261309212276466	-14.9796619980938	9.97229012625769e-51	2.06872240253052e-49
Sm_t00000334-RA	3122.89956731713	-4.49774071817214	0.113877991304038	-34.3590598443706	1.03143901632718e-258	1.07385694587363e-255
Sm_t00002370-RA	335.596991086614	-4.49677805305435	0.271962428693544	-14.3835237530632	6.56643028726792e-47	1.25583921613443e-45
Sm_t00004833-RA	220.630788689994	-4.48924550526847	0.253560007047146	-15.3977180815527	1.69547673084973e-53	3.85836767520422e-52
Sm_t00006566-RA	8.82299299395569	-4.4863967233989	1.02902247584756	-3.79136201100516	0.000149823383010304	0.000464068039082493
Sm_t00008306-RA	74.9586675187585	-4.48147793788501	0.391219714523994	-9.95982000198007	2.28475994689646e-23	2.04511183210108e-22
Sm_t00000043-RA	1896.32452940951	-4.48139037499355	0.255772331661274	-15.2338227895331	2.10891449559314e-52	4.65301955862126e-51
Sm_t00003914-RA	310.803474306005	-4.47719122431277	0.208665655637294	-18.652763975104	1.19914727797817e-77	4.96900382003989e-76
Sm_t00001051-RA	221.286045719889	-4.4738865924793	0.344842550329461	-11.2772817297746	1.69915375883498e-29	1.89327781369051e-28
Sm_t00012787-RA	208.722301046273	-4.46967526271441	0.238270393764009	-16.303642266869	9.29821782181072e-60	2.49822116896327e-58
Sm_t00000270-RA	19.6133315484784	-4.46684178600846	0.791017204697442	-4.90740500074614	9.22893324082683e-07	3.52604518178196e-06
Sm_t00003381-RA	119.415806057936	-4.464164316115	0.449125496136307	-8.63715008274146	5.76326504045318e-18	4.17048084465114e-17
Sm_t00008911-RA	26.4660948290175	-4.46164596684526	0.713804143325723	-5.43096590723524	5.60498427717673e-08	2.34121936031118e-07
Sm_t00016551-RA	34.4564541806552	-4.459699840944	0.482734561686544	-8.02656397214828	1.00240572992118e-15	6.55855249372627e-15
Sm_t00004632-RA	136.692098921158	-4.45689482828608	0.242326065434606	-15.9780369533997	1.81780923102076e-57	4.58109926934097e-56
Sm_t00014973-RA	14.6940636592424	-4.45453920628694	0.702954397450216	-5.50468027559495	3.69838841453193e-08	1.56444271735076e-07
Sm_t00013256-RA	29.2492500802249	-4.45439862892658	0.448465405229003	-8.62808721433202	6.23865014849347e-18	4.50860885785702e-17
Sm_t00011114-RA	17.1269955018875	-4.45423395990852	0.722779108337222	-5.35327310277386	8.63773284813295e-08	3.57040580109674e-07
Sm_t00005094-RA	29.1276190169977	-4.44927236220702	0.499576790165925	-7.73509185829786	1.03328470389004e-14	6.42975591983573e-14
Sm_t00000341-RA	259.756662818128	-4.44119762777448	0.238378607309493	-16.1767772339063	7.3544537380495e-59	1.93459239005284e-57
Sm_t00018671-RA	3.50083372166437	-4.44096698467168	1.49240539150696	-2.58372624932567	0.00977393377051166	0.0242644096496547
Sm_t00004652-RA	33.7315150748198	-4.43855686765287	0.430240064590492	-8.9567596902458	3.34359350875778e-19	2.53747520131604e-18
Sm_t00001526-RA	4.20404235250025	-4.43722638903934	1.5081081989191	-2.55434350917284	0.0106388240728511	0.0262784002677274
Sm_t00001198-RA	94.2935073580639	-4.43722346004445	0.296467905133287	-12.9937284722694	1.32796530928097e-38	2.00192272597306e-37
Sm_t00002102-RA	139.339193329309	-4.43391518151684	0.231784952122861	-16.6055438295954	6.35416577010362e-62	1.80319750252787e-60
Sm_t00004385-RA	15.9212470364776	-4.43038664590384	0.680408799853345	-5.65158276426271	1.58977107189223e-08	6.88749194163348e-08
Sm_t00015448-RA	325.646840436356	-4.42937607824642	0.262567591642066	-14.6414721413414	1.52725229331518e-48	3.00365628123309e-47
Sm_t00017311-RA	51.0426138178275	-4.42933642227678	0.421946380027988	-9.11095960112701	8.16564864531063e-20	6.37111827323581e-19
Sm_t00009889-RA	14.6095956205596	-4.42924783301736	0.808569969865798	-4.75437868865623	1.99057621552759e-06	7.35233228342764e-06
Sm_t00014118-RA	207.037248326935	-4.42830296055971	0.230869660540849	-16.6470680970213	3.17794796727827e-62	9.09592048778718e-61
Sm_t00004655-RA	65.0775935130341	-4.42780334136364	0.353191133114867	-10.880237302316	1.43189709391662e-27	1.48152433481137e-26
Sm_t00005441-RA	209.004865418691	-4.42343030915802	0.221405553009878	-17.3366487740566	2.4882805622207e-67	8.04850050591698e-66
Sm_t00005300-RA	16.3360621515605	-4.42204082516861	0.749937324208606	-5.11648200630334	3.11286966100067e-07	1.23580035302548e-06
Sm_t00008510-RA	15.0913507781178	-4.421107203837	0.647697884112317	-5.92267984493181	3.16737110147709e-09	1.43609329908561e-08
Sm_t00013386-RA	1745.65989440651	-4.41452220188727	0.364437281896123	-10.5080418281103	7.93234495803885e-26	7.76819531516821e-25
Sm_t00002923-RA	11.6311882132598	-4.41345312762104	0.748828187899479	-5.11259216664927	3.17767858382295e-07	1.26122873122046e-06
Sm_t00001557-RA	3.00553015757078	-4.41041135283071	1.58380865301008	-2.41532419055825	0.0157212099854157	0.0378882980233006
Sm_t00004124-RA	115.549841791061	-4.40886023245031	0.435669731925328	-8.77697015019097	1.67937551561545e-18	1.23673905124324e-17
Sm_t00010157-RA	33.983639380243	-4.40465076946568	0.452904640645755	-8.43367549517619	3.34974739622792e-17	2.33473188813241e-16
Sm_t00006304-RA	118.436718560683	-4.3998581771506	0.359590118691621	-10.6089071385807	2.70899027866219e-26	2.69250358364885e-25
Sm_t00002793-RA	426.906396474791	-4.39565688607553	0.164839862427618	-23.1173262944745	3.10004671209755e-118	2.80655315924571e-116
Sm_t00007276-RA	16.2886345079916	-4.39046720265001	0.779455400434937	-4.88221288931548	1.04901912562015e-06	3.98598553708497e-06
Sm_t00010255-RA	10.2251389605816	-4.38816872048511	0.82465277607826	-4.6118425000296	3.99115364642645e-06	1.43409485423149e-05
Sm_t00014334-RA	90.9128551068621	-4.38505839372606	0.296901211663163	-12.7990666405136	1.65933591076552e-37	2.41197361269912e-36
Sm_t00018667-RA	74.5427128281251	-4.38392756242115	0.325291486350847	-11.6785336285247	1.64102001416214e-31	1.96239134213302e-30
Sm_t00000015-RA	74.0516716866534	-4.38197761042752	0.321006389909244	-11.8283552283835	2.78546342492919e-32	3.411783068564e-31
Sm_t00009422-RA	27.347271176506	-4.37744244522594	0.710808476409927	-5.33539282533656	9.53379285408019e-08	3.92133139168563e-07
Sm_t00010588-RA	46.8681670461125	-4.37669993366042	0.402477942291621	-9.42088878727443	4.47285636189089e-21	3.6541854475909e-20
Sm_t00003519-RA	79.1770335971805	-4.37437196161394	0.347258896733141	-10.9122386705213	1.00744383797983e-27	1.04821982842399e-26
Sm_t00008846-RA	4.36757342943695	-4.37315641711142	1.24871639329958	-3.03364033453721	0.00241622303389081	0.00649394051283529
Sm_t00004093-RA	168.352323726863	-4.37105823325271	0.326147571959704	-11.6084207234892	3.73449258835151e-31	4.39640830648477e-30
Sm_t00013988-RA	123.687078325761	-4.36333535071213	0.244540963170355	-15.45072572598	7.45987777609681e-54	1.71639011041741e-52
Sm_t00015568-RA	5.0249383079288	-4.36188209337871	1.15964101483776	-3.25694076447194	0.00112619932283901	0.0031445236875381
Sm_t00006619-RA	288.732124998912	-4.35919825962779	0.436347452239077	-8.64952514392107	5.17141618112536e-18	3.74545438022549e-17
Sm_t00012114-RA	33.3133006512846	-4.35890361106347	0.515993193192817	-7.31386316883686	2.59569467658354e-13	1.50135701119891e-12
Sm_t00008104-RA	133.014009916071	-4.34625592004763	0.256957594661341	-14.6376522749008	1.61550880101923e-48	3.17348415181349e-47
Sm_t00009262-RA	669.878096229313	-4.3361569039776	0.143093350875771	-26.214753383155	1.80423731964571e-151	3.13072763236024e-149
Sm_t00009665-RA	36.8278572393051	-4.33425014469581	0.48720621574155	-7.69540704440579	1.4104443907459e-14	8.7180640671782e-14
Sm_t00014915-RA	4.02186256436568	-4.32842171175272	1.51243112234382	-2.47510227503884	0.0133198026047123	0.0323961559044091
Sm_t00003367-RA	369.877866307481	-4.3280900298533	0.183073410055328	-20.445842073527	6.54195263585842e-93	3.54970185694233e-91
Sm_t00007308-RA	142.97250666007	-4.32457737902501	0.287979763682314	-12.9855561071657	1.47761001346828e-38	2.21947949543324e-37
Sm_t00005890-RA	283.504618600629	-4.32449165463458	0.212108883033139	-17.6300567951713	1.44821492834803e-69	5.02590922425447e-68
Sm_t00021042-RA	3.76546540186693	-4.3229094632977	1.27334010152207	-2.9355153888813	0.00332994093845905	0.00881038058336258
Sm_t00007073-RA	38.1457491614598	-4.32012509606595	0.485233159096509	-7.69758831614198	1.38658253249374e-14	8.58331171545178e-14
Sm_t00003491-RA	399.536140940623	-4.31984378062776	0.173640070219004	-21.509112360512	1.27928873374878e-102	8.38991800267212e-101
Sm_t00005981-RA	3413.46802619803	-4.31933704462115	0.0825367463338001	-45.2445390749777	0	0
Sm_t00008017-RA	564.453887166073	-4.31794751198749	0.182693684380658	-20.4328218823895	8.54198743016642e-93	4.60493290005541e-91
Sm_t00000150-RA	3468.92497670466	-4.31375367917571	0.111791134952162	-33.3546455250796	6.23817946846783e-244	4.5180692863364e-241
Sm_t00012141-RA	7.38560395794729	-4.31045411461328	1.07698794476377	-3.45914188986623	0.000541899351210316	0.00157538558332661
Sm_t00008301-RA	350.022570875474	-4.29123948451983	0.246402793702746	-15.0413858090869	3.93231060566399e-51	8.29170000875326e-50
Sm_t00004615-RA	500.349097894047	-4.28665682927852	0.237311515759073	-15.5983025831607	7.47553949839275e-55	1.76135130076699e-53
Sm_t00003342-RA	118.531788791237	-4.28617050760229	0.255841237711742	-14.4666690198412	1.96773282538806e-47	3.78504542786539e-46
Sm_t00014976-RA	34.238523489264	-4.28537917653063	1.06580617398303	-3.47190630609872	0.000516776663045266	0.00150814044376455
Sm_t00002437-RA	1764.68601504753	-4.28419127613582	0.214237383342978	-17.2667870490823	8.36729881024447e-67	2.65997067902772e-65
Sm_t00017019-RA	127.637335162968	-4.28047456723516	0.258037474230757	-14.321464656449	1.60700309797473e-46	3.03508589637903e-45
Sm_t00004390-RA	1185.83581756542	-4.27911045286605	0.19003824649299	-19.4387736207738	3.62733293911418e-84	1.6691743673968e-82
Sm_t00000232-RA	94.2036015964841	-4.27907313651401	0.307530809440444	-12.0120424462037	3.07163749900616e-33	3.89401350520888e-32
Sm_t00009431-RA	102.421981929672	-4.27674060700354	0.267679708986098	-13.7916341174567	2.862025663785e-43	4.85822352245214e-42
Sm_t00008919-RA	10.263194687148	-4.27504615150516	0.874423943322195	-4.21997382355014	2.44330686580202e-05	8.21073346187817e-05
Sm_t00006414-RA	60.931803127712	-4.27326573428459	0.373499869268018	-9.87487824697991	5.34978885696892e-23	4.72016857941676e-22
Sm_t00006925-RA	10.764048406654	-4.27276398325031	0.752735171663462	-4.8991519488863	9.6251188633616e-07	3.66983817866508e-06
Sm_t00018666-RA	55.7960307431295	-4.26994630770805	0.361825259580851	-10.1843257487794	2.32969251602827e-24	2.15480388295385e-23
Sm_t00008698-RA	7.10359680383349	-4.26948171358423	0.976675549581882	-3.77247256282966	0.000161637745800031	0.000497792858113685
Sm_t00000635-RA	60.5184418281115	-4.26937606069089	0.453848932487031	-8.11806704160569	4.73667132859606e-16	3.14356458134475e-15
Sm_t00005338-RA	16.2527481955796	-4.26880467194401	0.69244446319694	-5.32000018447153	1.03767146821008e-07	4.25437640104444e-07
Sm_t00013888-RA	654.466572193352	-4.26451399336724	0.219866244048247	-16.735238323168	7.25661037729766e-63	2.10960934842975e-61
Sm_t00006986-RA	176.663007351106	-4.26430623594781	0.257463824600687	-14.2905755465034	2.50530331144483e-46	4.71563192791502e-45
Sm_t00009254-RA	87.9124614745334	-4.25529935389383	0.449714137700697	-8.16140531551748	3.31148922612432e-16	2.21270708097789e-15
Sm_t00019180-RA	131.765829661086	-4.24654259960351	0.280801266093065	-13.0396228284454	7.28163699038534e-39	1.10255337245904e-37
Sm_t00004070-RA	90.104108189932	-4.24539362031186	0.382296466806128	-9.57475137265167	1.02102671253585e-21	8.51264413284394e-21
Sm_t00005417-RA	43.1186231427047	-4.24285446925037	0.468776162234362	-7.80298736142144	6.04586069482753e-15	3.82063533590429e-14
Sm_t00011748-RA	61.8324723884972	-4.24095763303219	0.351841840578696	-10.3909120843019	2.72732403844776e-25	2.61252235954358e-24
Sm_t00005536-RA	10.2261621768742	-4.24018663923098	0.769226111531379	-4.75177140301987	2.0164226799696e-06	7.44119827269243e-06
Sm_t00011230-RA	769.556246190143	-4.23963351957618	0.284403833752545	-12.8501556092103	8.58374043387017e-38	1.25869672664973e-36
Sm_t00009692-RA	77.1263704320549	-4.23774384879481	0.392137137206255	-9.3149653583398	1.21992342247865e-20	9.79348644416836e-20
Sm_t00001991-RA	13.5137321362315	-4.23753113030504	0.71771395100905	-5.0891181997645	3.59732347128889e-07	1.42337801388908e-06
Sm_t00021693-RA	25.7896045333777	-4.23711606950444	0.469700615901269	-7.77541256252496	7.52019083668003e-15	4.72187481935228e-14
Sm_t00011785-RA	67.1927082139929	-4.23418195319458	0.3375228986761	-10.8116574238611	3.03142820234375e-27	3.11136974705127e-26
Sm_t00016318-RA	1726.16602917868	-4.23379663177872	0.397330237826353	-9.18328454370838	4.18138613940377e-20	3.29175474055709e-19
Sm_t00006311-RA	23.2516895262453	-4.23266207841137	0.796900767821675	-4.57731028216002	4.70992606157716e-06	1.68509339204795e-05
Sm_t00009220-RA	934.475470155984	-4.23254178975095	0.104298016916927	-34.9723024231247	5.93384759463781e-268	8.98600302104333e-265
Sm_t00001207-RA	132.191924329673	-4.22961844015645	0.293401688082424	-12.4219409369335	1.98681994549652e-35	2.73524352496537e-34
Sm_t00015566-RA	37.9598332013467	-4.2212379087367	0.478001540703606	-7.60716775804583	2.80167559057008e-14	1.70019351503521e-13
Sm_t00011248-RA	9.1703084837693	-4.21572064675091	0.932953670983943	-3.89164088171898	9.95685466682887e-05	0.000314428976379214
Sm_t00005945-RA	63.9523211092357	-4.21136141530306	0.363896700723335	-9.96535942231618	2.16090830897232e-23	1.93529089305704e-22
Sm_t00009822-RA	114.985034692904	-4.21066990273075	0.275501563117854	-13.1602516577366	1.48590128117233e-39	2.28974500848925e-38
Sm_t00018489-RA	912.84677299166	-4.20962019419821	0.255291888948082	-14.1979449842034	9.43384827996467e-46	1.74610049608502e-44
Sm_t00011306-RA	82.6987464059448	-4.20085446498502	0.323143113164057	-11.1896380200722	4.58300763248417e-29	5.02923195928335e-28
Sm_t00004134-RA	12.6125876313823	-4.19513381069924	0.768743298221097	-4.69614996196159	2.65110937973353e-06	9.67196234069233e-06
Sm_t00001679-RA	215.068242914848	-4.19061624806395	0.195944977783898	-18.4011669441229	1.28566008086939e-75	5.11134263177143e-74
Sm_t00001105-RA	80.2224166616222	-4.19034952466305	0.39732993572018	-9.07394384500169	1.14785282310433e-19	8.89759531283011e-19
Sm_t00004114-RA	684.291216227203	-4.18836276588046	0.268054113986812	-13.4426691397758	3.39949681437879e-41	5.48728855948855e-40
Sm_t00007244-RA	36.4496233364879	-4.18624304816675	0.464746878648189	-7.74882675628011	9.27454484470626e-15	5.797199550586e-14
Sm_t00007296-RA	353.464332377643	-4.18163148624271	0.321354808890402	-11.1920885785448	4.45807024838099e-29	4.89535492402969e-28
Sm_t00005285-RA	65.4664742106948	-4.17739750366361	0.475496630078463	-7.55504303589034	4.18721381412916e-14	2.52262595717047e-13
Sm_t00005067-RA	134.76367461084	-4.17709130288568	0.271545447212426	-13.2283245392645	6.0214720262681e-40	9.39191769790018e-39
Sm_t00001194-RA	121.274673824458	-4.1766194188788	0.27403432658804	-13.1064580981424	3.02394176972408e-39	4.6213598165196e-38
Sm_t00004501-RA	96.4951510416836	-4.17619467647563	0.350869621550391	-10.2351256874482	1.38015855243529e-24	1.28799334265922e-23
Sm_t00002350-RA	4.8470380783794	-4.17202908347857	1.25640448821909	-2.85499543905886	0.00430374469829353	0.0112369559849802
Sm_t00003511-RA	159.823687650719	-4.16775051207272	0.282179031549157	-12.6967283586009	6.1653653853453e-37	8.80057040180652e-36
Sm_t00004120-RA	644.624842885427	-4.16706966313217	0.144462309634068	-24.7958770159897	9.93163898339678e-136	1.35607575561823e-133
Sm_t00010969-RA	43.4126819392346	-4.16668132484789	0.500897160792714	-7.15053229525112	8.64420418254124e-13	4.84832165901589e-12
Sm_t00012043-RA	1080.78966972787	-4.16326275524822	0.190584766396785	-18.7751771712882	1.20545173694929e-78	5.17536469951063e-77
Sm_t00001630-RA	29.9752489564459	-4.16066107659867	0.4616750310949	-7.74497392271507	9.56014648582932e-15	5.9734778755043e-14
Sm_t00015523-RA	23.6754848396612	-4.1590830024045	0.488364626440365	-7.31847232354969	2.50809734058438e-13	1.45220318037729e-12
Sm_t00001745-RA	61.0505569376735	-4.15461679939425	0.346401992720864	-10.3048391014041	6.7003707088366e-25	6.31662565182796e-24
Sm_t00017622-RA	2.34990713935509	-4.15311969213236	1.51793744219907	-2.3506368529675	0.0187413144993975	0.0446563892048295
Sm_t00013830-RA	106.680645730318	-4.15215442852615	0.310766728717161	-11.4785596361982	1.69073617581384e-30	1.95043512581073e-29
Sm_t00002676-RA	291.864052619156	-4.14073693856391	0.251542035956998	-14.1357563758122	2.28663837258317e-45	4.18580461653742e-44
Sm_t00005808-RA	294.963575059995	-4.13982960565029	0.32094932277987	-11.0759841300193	1.64067574024201e-28	1.76895640653408e-27
Sm_t00004243-RA	2.90598190427443	-4.13927791094412	1.47165077469737	-2.41516395876938	0.0157281279952341	0.0378933080318372
Sm_t00013401-RA	402.711740714038	-4.13516785643675	0.165607673127485	-21.4372183932796	6.01002564003406e-102	3.88042663223594e-100
Sm_t00005232-RA	20.2311057691563	-4.13504848690735	0.643115874301838	-5.52007597505078	3.38853122556339e-08	1.43807052901688e-07
Sm_t00008511-RA	28.0019334410677	-4.12823785553328	0.558252717550587	-6.34701407470032	2.19534053566684e-10	1.0730628709841e-09
Sm_t00008921-RA	4.55255929434668	-4.1277995581092	1.3550877238052	-2.61444295883718	0.00893730825131995	0.0223171459826844
Sm_t00000918-RA	161.214876643612	-4.12311686015997	0.24765213046753	-14.2866401087709	2.65094061634496e-46	4.98412740260434e-45
Sm_t00013362-RA	606.160837947047	-4.12009465553102	0.232848609240272	-15.1819444705518	4.65766940882235e-52	1.01820809727248e-50
Sm_t00009781-RA	14.9320758451159	-4.11987740688694	1.1703420217775	-3.0203798044594	0.00252457888309872	0.00677205073021874
Sm_t00009403-RA	158.795291492948	-4.11675314144142	0.337153988699001	-10.4751931159694	1.12308146447694e-25	1.0914988935389e-24
Sm_t00002277-RA	905.97897126403	-4.1136275661794	0.149967134397374	-23.5293391472657	2.0434577445701e-122	2.00234818288522e-120
Sm_t00006275-RA	53.9634019542925	-4.11258738040291	0.381021264315734	-9.25824280893615	2.07824105235143e-20	1.65722065342605e-19
Sm_t00006053-RA	146.884656969589	-4.11215806329503	0.373630083372596	-9.44024108406079	3.7192267568661e-21	3.04297049685047e-20
Sm_t00017035-RA	469.425768502418	-4.1078585217556	0.277229929962831	-12.7073527819595	5.38258731789248e-37	7.70301886094957e-36
Sm_t00012113-RA	8.80200977262849	-4.10713092384206	0.779945706582009	-4.51586680216146	6.30582928857584e-06	2.23257182336018e-05
Sm_t00013890-RA	856.848293986102	-4.10463232089718	0.152491170031905	-23.0808926192959	7.20355064523686e-118	6.41693832344148e-116
Sm_t00008747-RA	41.7638241605549	-4.1037835178179	0.420238694577447	-8.3732972789573	5.60280280223125e-17	3.86146003639091e-16
Sm_t00015031-RA	28.4081641139135	-4.09874644520193	0.518445702928713	-6.77746276100406	1.22304661621525e-11	6.43103236518737e-11
Sm_t00016987-RA	256.218209726573	-4.09070561463238	0.264962719632347	-13.2309391279527	5.81561343064581e-40	9.08785070616303e-39
Sm_t00013003-RA	13.0062139788626	-4.08812694396328	0.67227379579144	-5.21086343970791	1.87963773735991e-07	7.57585420492169e-07
Sm_t00008346-RA	116.914970735635	-4.08764239929034	0.26222096837377	-13.3575984445976	1.06959570000525e-40	1.69850573600453e-39
Sm_t00006063-RA	147.044890452709	-4.08299612148012	0.335491627024408	-10.4264781583525	1.8771748178715e-25	1.81065304667652e-24
Sm_t00009680-RA	35.0230934771476	-4.07987688631807	0.530028046769175	-6.59375840131735	4.28829355682975e-11	2.18120287235633e-10
Sm_t00011075-RA	639.173081389249	-4.07487840626926	0.279147299624015	-12.5019242921919	7.28658606163287e-36	1.01658250096047e-34
Sm_t00009813-RA	32.1297026575553	-4.07260825344353	0.434612159296075	-8.02464491350697	1.01820029993539e-15	6.65666428427149e-15
Sm_t00020302-RA	45.6909907247355	-4.07132414787961	0.438450595771281	-7.95146404521766	1.84320119048635e-15	1.19007928027603e-14
Sm_t00010641-RA	34.6717736528708	-4.06605321531685	0.478266004510282	-7.27848766688166	3.37583087484148e-13	1.93512012089158e-12
Sm_t00001232-RA	171.894154464787	-4.06529809153614	0.231496873801264	-15.0338880797324	4.40380794034428e-51	9.27416342228256e-50
Sm_t00000223-RA	107.902698654628	-4.06483707995835	0.316310741530641	-11.0013244037154	3.76560256085805e-28	3.99792271885107e-27
Sm_t00003058-RA	13.8526673986141	-4.06411890494179	0.667008751275501	-5.21600188646518	1.82826313770549e-07	7.37235714061924e-07
Sm_t00018117-RA	83.3829322331477	-4.0629893313714	0.351606061932146	-9.89172175320056	4.5218294675988e-23	3.99812289125588e-22
Sm_t00004133-RA	128.120291329715	-4.06287608263651	0.330255042391908	-10.5308795815731	6.22500609732741e-26	6.1177670542348e-25
Sm_t00002579-RA	63.7127216841642	-4.06169444923096	0.339313321079055	-10.2462657174044	1.23004250987597e-24	1.14983435070224e-23
Sm_t00006080-RA	74.4233596506502	-4.0593811481456	0.284509369540062	-12.211833844918	2.68762167189007e-34	3.53636665168601e-33
Sm_t00012835-RA	363.853604797011	-4.05609060554722	0.297616982518404	-11.6629453607627	1.97104007955646e-31	2.35029245850047e-30
Sm_t00020190-RA	181.486085113245	-4.0544121497357	0.261380782953567	-13.2734017800843	3.30241907908826e-40	5.19468338238454e-39
Sm_t00003698-RA	296.106995231785	-4.04734034175091	0.20436073219515	-16.9422975958249	2.19386184616084e-64	6.65671231937107e-63
Sm_t00016611-RA	4.81579593440086	-4.04573274314343	1.0107157356678	-3.42404161824675	0.000616971714844815	0.00178274324820207
Sm_t00010681-RA	592.960478330238	-4.04268365261225	0.203870468428325	-16.9601986951233	1.61796406011419e-64	4.93627203541797e-63
Sm_t00001183-RA	100.45818940919	-4.04138906092021	0.301007125774253	-11.4827482971696	1.61077586369349e-30	1.86077006500737e-29
Sm_t00014234-RA	8.58205786701692	-4.04126672813716	0.991959282841839	-3.48428286112248	0.000493457680167826	0.00144413528394864
Sm_t00013919-RA	690.646239334878	-4.03918259194832	0.514605357019144	-6.71229427528059	1.91587814619372e-11	9.91755691712086e-11
Sm_t00008910-RA	33.2227161056449	-4.03484896366058	0.547722029081853	-6.29853973455033	3.00462709808501e-10	1.45666700232538e-09
Sm_t00004556-RA	15.9457116973514	-4.03146866300074	0.601499431040032	-5.72979538325011	1.00551851130532e-08	4.42768367996933e-08
Sm_t00002563-RA	56.7366138126046	-4.02966905454026	0.385766780276449	-8.92940820894878	4.28293715170277e-19	3.23560848403922e-18
Sm_t00015472-RA	9.72513964910827	-4.02691497408373	0.95314435548984	-3.61111614862878	0.000304882074687496	0.000913275597939994
Sm_t00012153-RA	24.0537105790927	-4.02491906257619	0.554308912166665	-6.20577982253676	5.44263343453524e-10	2.59112282802195e-09
Sm_t00009759-RA	317.959039502048	-4.02428179447436	0.261782968698006	-13.1379127205251	1.99658420638606e-39	3.06818263007187e-38
Sm_t00008186-RA	168.261000862118	-4.01564778042682	0.289914076131548	-11.8333260192243	2.62528974771818e-32	3.22032964782691e-31
Sm_t00001420-RA	311.6506736563	-4.0138069895795	0.195106985597334	-17.573983725298	3.89812782719331e-69	1.32520435398747e-67
Sm_t00006563-RA	601.457195830984	-4.01290808705263	0.174931201393133	-19.5957499848691	1.68090550873513e-85	7.88747153929854e-84
Sm_t00006457-RA	3.70204036528864	-4.01197595108082	1.29989247173457	-2.63635341045394	0.00838024001278734	0.0210174703602848
Sm_t00009588-RA	370.001946369465	-4.0112005005053	0.175719323208298	-19.4981430496627	1.13841023709652e-84	5.2676771470983e-83
Sm_t00009850-RA	42.3633038357283	-4.00609287118318	0.449429380305682	-7.61208105455035	2.69717314351341e-14	1.63796974934912e-13
Sm_t00006218-RA	107.358197801967	-4.00511585779983	0.285136130249953	-11.9946772610041	3.78891102415831e-33	4.78874657362892e-32
Sm_t00004621-RA	608.88925244933	-4.00485967161516	0.145082838167691	-23.5717726149139	7.50899265964418e-123	7.44552379311623e-121
Sm_t00018101-RA	1206.25001141581	-4.00143027926911	0.385424886128069	-8.86406249889608	7.71504720186307e-19	5.7502128093349e-18
Sm_t00003692-RA	35.269463410581	-3.99925187962679	0.470256849824786	-7.26039797378585	3.85953069926496e-13	2.20783181278694e-12
Sm_t00014225-RA	397.045278563155	-3.99796099659102	0.19203546054039	-17.7725561049346	1.15314521954114e-70	4.14883219592146e-69
Sm_t00006564-RA	2551.30426796262	-3.99447025256115	0.432433803040956	-7.88437496926724	3.16113737430568e-15	2.0206533530769e-14
Sm_t00014508-RA	872.661756361172	-3.99272917464017	0.2434269880537	-13.9989785105028	1.58127176209776e-44	2.80819029989601e-43
Sm_t00016607-RA	172.540885552267	-3.99032809443821	0.273558071205906	-12.4482822949685	1.4288727723531e-35	1.9802131981579e-34
Sm_t00006832-RA	8.58022776431452	-3.98830341637649	0.872988872833629	-3.89844993708767	9.6810410004503e-05	0.0003061252486437
Sm_t00018819-RA	332.844548215479	-3.98137611102843	0.278331449318155	-12.2026315004961	3.0093854090455e-34	3.94727103495118e-33
Sm_t00018143-RA	23.5578048136199	-3.98093720325139	0.602978794269299	-5.63193471400043	1.78199144805762e-08	7.70423398436123e-08
Sm_t00019235-RA	4.367978621785	-3.97999033479671	1.10827948577785	-3.06329800232107	0.00218911941214286	0.00591602063067419
Sm_t00008960-RA	3.37170186334574	-3.97779843412135	1.44916013814378	-2.34121705725854	0.0192209888023458	0.0457273966680201
Sm_t00005116-RA	147.521579436783	-3.97508152896848	0.220369027718572	-15.3836569687909	2.10703175732715e-53	4.78839495410037e-52
Sm_t00008302-RA	199.648942274553	-3.97272543443016	0.198531675422011	-17.0639039197599	2.75511865234878e-65	8.51479898160038e-64
Sm_t00011841-RA	120.947136184011	-3.97159726839827	0.328442660331255	-10.3110761098533	6.27942148457743e-25	5.92985278288497e-24
Sm_t00020537-RA	18.8955125034297	-3.96992826668889	0.557357394456888	-6.07317369492747	1.25406680503286e-09	5.84015790836942e-09
Sm_t00004112-RA	453.55255930878	-3.96690158121618	0.283570192966022	-11.926153259773	8.64780878977694e-33	1.07906515970116e-31
Sm_t00020204-RA	193.948726657545	-3.9661869111561	0.253785564535886	-13.323007229901	1.70114684620069e-40	2.69369811444972e-39
Sm_t00003779-RA	73.8707508435877	-3.95534226575432	0.380622754154747	-8.85481025231631	8.38262887486191e-19	6.23383177667186e-18
Sm_t00008026-RA	975.730508864415	-3.95274634285897	0.209697036332331	-16.0600569362445	4.8610486196153e-58	1.24386095093013e-56
Sm_t00015573-RA	48.0507776797938	-3.95143901985041	0.377205394435339	-8.92468418933887	4.46972653946495e-19	3.3736612910923e-18
Sm_t00018515-RA	201.208620604077	-3.9504709598585	0.238554700898838	-14.1077536815578	3.40244234283836e-45	6.16063962467406e-44
Sm_t00011889-RA	1852.67621805815	-3.94831075776102	0.246725150502242	-13.6318115559542	2.59068529822704e-42	4.27283521761049e-41
Sm_t00003401-RA	162.119223247448	-3.94765707421882	0.335164370984892	-10.0328595916611	1.09304257526414e-23	9.89559957540764e-23
Sm_t00000574-RA	428.680015925505	-3.94665783839903	0.278516749819461	-12.0698587807667	1.52395600518404e-33	1.95277377956583e-32
Sm_t00012774-RA	16.6951305744442	-3.94471745256285	0.614707526108227	-5.46555444641056	4.61462117770112e-08	1.94313345748598e-07
Sm_t00020479-RA	50.3808076906148	-3.94436879619707	0.57610199642991	-5.83120492033528	5.50285549587265e-09	2.46415502285609e-08
Sm_t00005986-RA	121.180194835468	-3.93798984550608	0.354885334931557	-9.4480935543666	3.45057870408536e-21	2.82455725074467e-20
Sm_t00006274-RA	5.13252603035229	-3.93785607910485	1.30241181881325	-2.57434402135567	0.0100430358533744	0.0248879635890377
Sm_t00010172-RA	23.9996714983282	-3.93666532921824	0.640675021324866	-5.23145934780984	1.681770228206e-07	6.80469479267804e-07
Sm_t00001966-RA	342.671604604568	-3.93252495768058	0.164695378834794	-20.3255548599119	7.64202015369957e-92	4.01579721515228e-90
Sm_t00014399-RA	529.528205759307	-3.92446925682178	0.158249337587947	-21.1025796867293	7.5313155211824e-99	4.59548182973833e-97
Sm_t00006052-RA	112.793461147772	-3.92390235012097	0.268690627379853	-12.4265679926404	1.87513354434621e-35	2.58790178804633e-34
Sm_t00003526-RA	815.163962316744	-3.92190297372617	0.131334748190426	-25.4076169460339	2.07757279183533e-142	3.17506491434797e-140
Sm_t00015635-RA	42.1084886594641	-3.92071058187668	0.358697107193379	-9.29951905098122	1.41082400923649e-20	1.12879473323062e-19
Sm_t00009968-RA	393.902251243408	-3.9202145769738	0.28519165171892	-11.6946430825434	1.35756747674085e-31	1.63045126370217e-30
Sm_t00012391-RA	21.1939865774247	-3.91950911956974	0.521082548645303	-6.39919553675077	1.56197706961447e-10	7.69577463047557e-10
Sm_t00012380-RA	110.562703865504	-3.91834758327874	0.296115481507112	-11.2569176265736	2.14117490746971e-29	2.3746798674188e-28
Sm_plastid_g00158	27.2239808320025	-3.91276545503161	0.506857198510104	-6.56548918475167	5.18623177046267e-11	2.62351195968318e-10
Sm_t00011425-RA	107.054140903672	-3.90592617266009	0.394892409936253	-8.40969866500139	4.11065420621584e-17	2.8519482618552e-16
Sm_t00004783-RA	166.532509753707	-3.89374252673516	0.196072848679308	-16.8750673488039	6.86466358662067e-64	2.05668284219293e-62
Sm_t00006310-RA	18.3123484722283	-3.89312951686106	0.710154285337972	-4.65832507831264	3.18792522365377e-06	1.15344175446622e-05
Sm_t00020254-RA	17.2063907882679	-3.89134542942173	0.557754489228294	-5.92795843561273	3.06724105831015e-09	1.39258930360672e-08
Sm_t00017623-RA	41.3431749489466	-3.88972053267913	0.374558150610688	-8.82298390060674	1.11449375377273e-18	8.25488526026949e-18
Sm_t00001928-RA	161.301564389558	-3.88781534542428	0.236602208699088	-13.9593597354149	2.75901252260747e-44	4.86345297371378e-43
Sm_t00007199-RA	112.789948050401	-3.88600216879008	0.252128839346261	-13.0925211782562	3.63343911547248e-39	5.53758726308698e-38
Sm_t00009975-RA	44.9525492724406	-3.88483908715999	0.364012768584172	-9.06517400473262	1.24405527468755e-19	9.61646068016022e-19
Sm_plastid_g00157	20.3143862687116	-3.88405264660601	0.555875157920419	-5.93488052056162	2.94059563605908e-09	1.33691162951616e-08
Sm_t00022535-RA	405.266302869543	-3.87829858508675	0.233527147888683	-14.1024228440309	3.66951563481858e-45	6.63700232842648e-44
Sm_t00009970-RA	977.189331063945	-3.87759334940828	0.129154756944675	-25.4933958864457	2.33335654354955e-143	3.59898641689337e-141
Sm_t00003990-RA	125.88581749941	-3.87456608097628	0.247386985936687	-13.297247907043	2.40145925206582e-40	3.78821100576822e-39
Sm_t00005082-RA	3521.1611250578	-3.8698908237458	0.348701218409977	-9.42035946626279	4.49546330218567e-21	3.66725894651366e-20
Sm_t00013346-RA	70.5173809891125	-3.86615887791998	0.299366285584514	-10.9603486962919	5.92705541429878e-28	6.24101700956947e-27
Sm_t00011758-RA	918.407363070047	-3.8653560490375	0.135347685599941	-24.2365137940632	9.174379423762e-130	1.03261359757451e-127
Sm_t00017652-RA	67.7847083357987	-3.86523082093943	0.367591032562533	-8.92358771124649	4.51421951987359e-19	3.40570057799159e-18
Sm_t00008345-RA	129.019821245864	-3.86331942487118	0.309786428735821	-10.5825146642136	3.5918642267345e-26	3.55515592923014e-25
Sm_t00017892-RA	36.2725285697898	-3.86311885002592	0.653549597375571	-5.01586851738523	5.27944254572075e-07	2.06298273344162e-06
Sm_t00000631-RA	206.791374879298	-3.8624575445441	0.220201631614183	-14.8838930961536	4.19369667779323e-50	8.55062414426924e-49
Sm_t00013465-RA	156.203860470398	-3.86183475308142	0.234236017113156	-13.9894572724844	1.80786267969532e-44	3.19696141383913e-43
Sm_t00003096-RA	28.5123572092697	-3.8610135903322	0.467383883785617	-7.00925663888502	2.39587630788514e-12	1.31284564265627e-11
Sm_t00001755-RA	1831.87200331665	-3.86010180561147	0.111763708284659	-29.303804033326	9.27615668654717e-189	3.35917865401093e-186
Sm_t00019824-RA	2.99932718635149	-3.85925842685845	1.37950829961276	-2.37349672182296	0.0176205494628926	0.0421123547995503
Sm_t00012678-RA	267.084112806495	-3.85908252690721	0.217864868074996	-15.0280426387065	4.81009942149288e-51	1.01042416347072e-49
Sm_t00013227-RA	3363.87058554786	-3.85881266647771	0.0789066155281728	-41.4897109014748	0	0
Sm_t00003228-RA	25.1478884382412	-3.8584668046614	0.464768432280044	-7.04322104795833	1.87845862691327e-12	1.03545214451096e-11
Sm_t00008263-RA	10.0040250469198	-3.8571367882948	0.942144573764576	-3.47307290134905	0.00051453557385495	0.00150212646149242
Sm_t00005469-RA	237.115040652522	-3.85696303243542	0.169027071539887	-19.3576271695822	1.75798617627347e-83	7.9577537294466e-82
Sm_t00012183-RA	648.569453899852	-3.84973858374166	0.209722250732374	-15.5669633161995	1.22066333017881e-54	2.84787251458244e-53
Sm_t00010590-RA	98.1065275493102	-3.84950999612433	0.308554892211592	-10.5799975256451	3.68967970740907e-26	3.64763706623266e-25
Sm_t00010254-RA	90.4611110575944	-3.84839987843244	0.413661659996164	-7.8890557042746	3.04481601968888e-15	1.94779359661971e-14
Sm_t00012827-RA	222.761296878872	-3.84657187910178	0.469209738230073	-6.95120244393244	3.62185676570814e-12	1.96076990585525e-11
Sm_t00022510-RA	65.3753121921475	-3.84579820631688	0.340925721850099	-9.5645414743761	1.12699928594929e-21	9.38677705267164e-21
Sm_t00020389-RA	12.6944514663632	-3.84566146169948	0.728204118076865	-4.47767511986976	7.54603211506033e-06	2.65473712719482e-05
Sm_t00009285-RA	26.159097139216	-3.84545723567964	0.53726396191276	-6.0686319329363	1.2900441651157e-09	6.00266919064173e-09
Sm_t00010585-RA	89.107885495346	-3.84497096181963	0.330209019271918	-9.87244675813997	5.48110237207015e-23	4.82835554277867e-22
Sm_t00017659-RA	40.2856806155643	-3.84266193931451	0.480499008218032	-6.77974747834715	1.20386114897131e-11	6.33815392527308e-11
Sm_t00019834-RA	5.90027976121207	-3.83959249356307	0.936656698237595	-3.47469088694597	0.000511442333057175	0.0014933578236751
Sm_t00010253-RA	73.7849833247006	-3.83862326151912	0.335392530432211	-9.70094133380449	2.9872966215761e-22	2.55584936426372e-21
Sm_t00000345-RA	243.610927799643	-3.83741840553076	0.264915988180221	-12.2771691805862	1.20128409234562e-34	1.60989464282328e-33
Sm_t00004942-RA	1558.69489640693	-3.83712702762456	0.205507805606691	-15.8248345751334	2.0974966673344e-56	5.16101912621218e-55
Sm_t00000477-RA	8.1478439932877	-3.83554120288384	0.872068818133944	-3.72739070047174	0.000193472419488732	0.000591242627745973
Sm_t00009783-RA	13.0102490254099	-3.83535463548991	0.758023255151484	-4.28793524921653	1.80341643252158e-05	6.1346356816305e-05
Sm_t00020379-RA	18.5821975865243	-3.83153820402875	0.668840172939252	-4.85398206534406	1.21006684616344e-06	4.56977862693054e-06
Sm_t00015418-RA	9.25255847954196	-3.83069671015645	0.805216417443209	-4.03083772243797	5.55784076596591e-05	0.000180684058312764
Sm_t00018507-RA	1266.18022903002	-3.82587312557847	0.195103596691949	-16.6110373182691	5.79818395049562e-62	1.64822778579106e-60
Sm_t00020320-RA	21.2357343343948	-3.82280015328654	0.592574167814216	-5.4639576430231	4.65634686291837e-08	1.95872287986096e-07
Sm_t00006825-RA	148.771139466636	-3.81961637347769	0.246707180462377	-13.1111561788165	2.84232003446808e-39	4.35178006747879e-38
Sm_t00010459-RA	1803.4238185145	-3.81663953883622	0.231648847498586	-13.95059623103	3.11986283929812e-44	5.49372887706427e-43
Sm_t00012280-RA	13.0094296060942	-3.81541812074772	0.816051246152595	-3.95859712974895	7.53912811056461e-05	0.000241420215428268
Sm_t00003495-RA	519.154916443323	-3.81068410791321	0.236575273274466	-13.6349165458678	2.48274701528527e-42	4.10293648617282e-41
Sm_t00000694-RA	292.837582577689	-3.80706553130419	0.224385707297295	-14.3594953979631	9.29010836599148e-47	1.76459093683793e-45
Sm_t00000606-RA	3287.94083233662	-3.80610465956244	0.137668523180053	-23.3975391408073	4.52734975137206e-121	4.26082441572631e-119
Sm_t00004078-RA	7.92130573025869	-3.80526465057073	0.922973974411318	-3.48900915935863	0.00048481453628314	0.00141933928741732
Sm_t00005787-RA	48.2220971083543	-3.80304514266089	0.409677053538845	-7.85507783475541	3.99523966775789e-15	2.54309141710015e-14
Sm_t00012119-RA	6.99023930506417	-3.80009841073	0.983605075161959	-3.26868830988962	0.0010804725320589	0.00302597704086033
Sm_t00022470-RA	19.7084184870069	-3.79442023472393	0.553383747085217	-5.79962865123631	6.64619328674108e-09	2.96180545132512e-08
Sm_t00007576-RA	112.087968302302	-3.78863311761237	0.359170992140067	-8.91952075117202	4.68310324114948e-19	3.52991555615693e-18
Sm_t00013828-RA	153.264254959363	-3.78846615936828	0.331995019687543	-9.64913920209774	4.95700653056546e-22	4.19156420234312e-21
Sm_t00003332-RA	21.9409058964092	-3.78554655404044	0.746625781247365	-4.28668100463044	1.81362434580833e-05	6.16810011279608e-05
Sm_t00008581-RA	17.2612729230599	-3.78300461154644	0.509913616397775	-6.27165956880769	3.57219948012612e-10	1.72131035406251e-09
Sm_t00015590-RA	42.0988269919088	-3.78117077471688	0.537590902994323	-5.94535874196263	2.75852046007504e-09	1.25653360196691e-08
Sm_t00002501-RA	7.38126130089379	-3.77838374646299	0.953762772645484	-3.34819499990065	0.000813397572638795	0.0023173553557409
Sm_t00006584-RA	522.021004226258	-3.77786190496194	0.29149261422228	-10.9534916124057	6.39346170004269e-28	6.70669301003219e-27
Sm_t00006253-RA	43.6210308255118	-3.77488354936968	0.390698327064747	-8.16456925560638	3.22584216480226e-16	2.15720910402553e-15
Sm_t00019691-RA	19.15324944006	-3.77449111674933	0.648363597563119	-4.91929394052514	8.68569519782312e-07	3.32841754325598e-06
Sm_t00003610-RA	857.47752312163	-3.77287053082961	0.129873864753968	-24.545897181613	4.78408198640474e-133	5.99197276161881e-131
Sm_t00012926-RA	61.8680158825234	-3.77165862700791	0.334876310857904	-9.5159272951979	1.80099393725921e-21	1.49110124288588e-20
Sm_t00009343-RA	57.3887731801132	-3.76556532007586	0.399346364731617	-7.96442787757283	1.6598995962035e-15	1.07464467444842e-14
Sm_t00011224-RA	43.9036010980444	-3.76551490465255	0.39743564888631	-8.00259089380872	1.21828179937012e-15	7.92739773980759e-15
Sm_t00017658-RA	18.803598704298	-3.76456433285537	0.636736765328751	-4.9935303032388	5.92854785397477e-07	2.30419389060923e-06
Sm_t00016891-RA	895.91841660606	-3.76439330690153	0.145891715565928	-21.7928296652649	2.71354361104213e-105	1.85254956855491e-103
Sm_t00001655-RA	47.3204265911704	-3.76098538596649	0.423908344869869	-7.49215113220159	6.77538385487799e-14	4.03519285858268e-13
Sm_t00000857-RA	126.436254506041	-3.75751464040744	0.314542094027713	-10.0861369611405	6.36242924116608e-24	5.81060012606055e-23
Sm_t00016499-RA	159.673972290336	-3.75496801875657	0.268210234443733	-11.8189674056662	3.11489582749757e-32	3.80689176041486e-31
Sm_t00012170-RA	26.890865616839	-3.7545749065594	0.465647708488912	-6.80680877147465	9.97874278570345e-12	5.27868838755948e-11
Sm_t00005941-RA	33.3209529637463	-3.75411170834133	0.598250196117871	-5.29730157868085	1.17526503338828e-07	4.79842277602497e-07
Sm_t00004628-RA	17.293168553626	-3.75154944375234	0.658518269381986	-4.80859771244331	1.51992730414898e-06	5.68199035738637e-06
Sm_t00000131-RA	303.90071872845	-3.75070857735944	0.239902017146758	-13.1958397641269	9.2715872768205e-40	1.43804563181821e-38
Sm_t00009485-RA	135.147329610684	-3.74928248156283	0.272225238800085	-11.6237660237176	3.12070010705135e-31	3.69208965790208e-30
Sm_t00017927-RA	11.8217950976924	-3.7464543416356	0.725418929875952	-4.35810841354279	1.31191397168997e-05	4.52180073254945e-05
Sm_t00003632-RA	212.433875363769	-3.74328629725699	0.213182495417597	-14.8149419635525	1.17290531227941e-49	2.37402875965375e-48
Sm_t00008555-RA	192.175651022168	-3.74245033880822	0.342161043893986	-9.22796558858556	2.75820609730808e-20	2.1868727829109e-19
Sm_t00007072-RA	218.446821046985	-3.73959663664404	0.192660281943517	-16.3738815536919	2.93859754975107e-60	7.98550701203155e-59
Sm_t00013829-RA	229.318613950028	-3.73842764801123	0.232554052245023	-13.5599772077449	6.91575755170625e-42	1.13054650928678e-40
Sm_t00005822-RA	141.582278557718	-3.73736558900259	0.274128027154626	-11.4996106809044	1.32511771348888e-30	1.53503552651583e-29
Sm_t00000800-RA	1504.67646585521	-3.73451204053966	0.139938628106477	-22.506380712431	3.59444386073924e-112	2.79795541271935e-110
Sm_t00000322-RA	52.7483571576853	-3.73438825976081	0.354841045793625	-8.87549029937334	6.96260034777192e-19	5.20803756592657e-18
Sm_t00000952-RA	77.6554815713215	-3.73276740153696	0.367289851021967	-8.57025423593503	1.03256824331512e-17	7.37903123000568e-17
Sm_t00003983-RA	274.757285764792	-3.731821375302	0.176889646730012	-17.7897431165376	8.48680737868894e-71	3.06666458382213e-69
Sm_t00005429-RA	74.7772289263239	-3.73129561707775	0.29894519075209	-10.5246570756407	6.65031595220539e-26	6.52804732656673e-25
Sm_t00012823-RA	94.3313149212668	-3.72915213895813	0.277716250849573	-11.321455367987	1.02751749699452e-29	1.15495185323446e-28
Sm_mito_g00002	8.19457471342229	-3.72848774289073	0.828588542622247	-3.79378615705025	0.000148367463847825	0.000459643893021586
Sm_t00011763-RA	9.03031865127584	-3.72634710147496	0.862829489166966	-3.64075074034365	0.000271844220172875	0.000817987900946487
Sm_t00014559-RA	4.45552871503999	-3.71816488333721	1.19133795415962	-2.62995472644651	0.0085396239864915	0.0214043118216936
Sm_t00003999-RA	49.5869568359288	-3.71806377638779	0.424531538002661	-7.38004952736433	1.58230660051575e-13	9.26469713581418e-13
Sm_t00008688-RA	56.5248625485096	-3.71703229743769	0.372472201425099	-8.40876791732203	4.14340045493275e-17	2.87227485552517e-16
Sm_t00000692-RA	801.899383196841	-3.71608628841069	0.382198848063021	-8.19229650816323	2.56288305605754e-16	1.72147201402446e-15
Sm_t00006585-RA	16.4456634089469	-3.71578031900829	0.659990612040433	-4.74367401883058	2.09876487332453e-06	7.72965404816275e-06
Sm_t00010779-RA	22.0876976991209	-3.71428164344955	0.647169814110429	-4.83533313084283	1.32922840289344e-06	5.00164597592024e-06
Sm_t00009240-RA	142.165615487809	-3.70724158916408	0.278911922992463	-11.1943639972984	4.34509035214435e-29	4.77444030910426e-28
Sm_t00000860-RA	55.3926092473417	-3.70691162311504	0.350308820188016	-8.91188415250138	5.01725435515692e-19	3.77665716440145e-18
Sm_t00001816-RA	21.6319922465498	-3.70522186331784	0.542073416036004	-5.75608722179174	8.60859185445597e-09	3.80477376257701e-08
Sm_t00008780-RA	116.658172398452	-3.7047684933378	0.363623307695682	-8.57967139980132	9.51445486508469e-18	6.82565844713957e-17
Sm_t00000319-RA	47.2709768066207	-3.70139990460263	0.423280992884988	-7.36248486699568	1.8051789710593e-13	1.05400179810396e-12
Sm_t00018812-RA	10.3819159167893	-3.69867847612554	0.683428312434951	-4.55596939645648	5.21445286527949e-06	1.85841582862272e-05
Sm_t00012506-RA	68.1705395058771	-3.69865149284668	0.425434008284618	-7.31876491350835	2.5026357356346e-13	1.4495447178095e-12
Sm_t00011384-RA	48.9403922032377	-3.6952113890317	0.40644862994576	-7.65216354511209	1.97625667287769e-14	1.20986709506786e-13
Sm_t00014615-RA	37.3572466465512	-3.69492257229205	0.527745470610178	-5.89284559599604	3.79601079017356e-09	1.71365712039867e-08
Sm_t00011898-RA	3.83560125865095	-3.69306914921312	1.26825887090364	-2.45065831630936	0.0142595240161899	0.0345555936953289
Sm_t00013398-RA	144.343087746644	-3.69166672910099	0.363351624200617	-8.55002846329844	1.23058161288218e-17	8.76401389798691e-17
Sm_t00016352-RA	15.010134893741	-3.6884717066646	0.638994306542905	-4.8568065081128	1.19294062030756e-06	4.51021444690954e-06
Sm_t00008471-RA	13.2473431246817	-3.68690699708913	0.742123190433447	-4.17977370479073	2.91799322530667e-05	9.70024568891608e-05
Sm_t00006174-RA	243.656070315096	-3.67720697807382	0.256802622963443	-12.0411814427379	2.15842097667872e-33	2.75594766727593e-32
Sm_t00001098-RA	687.346457719586	-3.6768458816202	0.137239263632303	-22.5288725674308	2.1639410814968e-112	1.70032691205536e-110
Sm_t00007204-RA	12.76280796728	-3.67598191929561	0.925587626191145	-3.33948059787187	0.000839352139770151	0.00238721665430958
Sm_t00010530-RA	72.3860461143638	-3.67570272035477	0.380430832021655	-8.12421723005575	4.50258723398305e-16	2.99178692236497e-15
Sm_t00008709-RA	24.2128053210922	-3.67164741294331	0.476268721532293	-6.48089465756367	9.11803190357855e-11	4.5571009735917e-10
Sm_t00009855-RA	40.7648023231843	-3.67154468023769	0.402291738724414	-7.67240383813124	1.68802503199477e-14	1.03798896208818e-13
Sm_t00008248-RA	108.881923363221	-3.66999994973455	0.257685477462037	-11.9719589171999	4.98378723648985e-33	6.27987350873282e-32
Sm_t00001602-RA	142.824214341002	-3.66841414396103	0.385184112254857	-8.00503978710549	1.19428052315344e-15	7.77425750476361e-15
Sm_t00012486-RA	14.3062323273288	-3.66625102647342	0.616375894850603	-4.9989804147358	5.76342558624838e-07	2.24368178115741e-06
Sm_t00001257-RA	654.120635660122	-3.66494657685581	0.230550481955574	-13.3590984097327	1.04826100724957e-40	1.66621487201939e-39
Sm_t00000289-RA	233.225311666101	-3.66465982613799	0.329785130227723	-9.33838291620796	9.78165897113368e-21	7.88306120663497e-20
Sm_t00008822-RA	55.9449786424741	-3.66054564213097	0.39198590581804	-7.84606180090219	4.2930544309217e-15	2.72536969170327e-14
Sm_t00004862-RA	639.938997936327	-3.6580982567001	0.151387660563648	-20.2995293358673	1.29822320396803e-91	6.77345037887028e-90
Sm_t00010927-RA	26.9080657645797	-3.65286280764534	0.545703480430463	-5.62184944326422	1.889238826869e-08	8.15309336217197e-08
Sm_t00020309-RA	58.5057302634182	-3.65199324447225	0.398612471733558	-7.69417281685633	1.42412463701328e-14	8.79609499568676e-14
Sm_t00000434-RA	251.13801403956	-3.64746903751923	0.251558494549854	-12.1739838004648	4.27687521668607e-34	5.58777940074953e-33
Sm_t00014306-RA	37.2170960136641	-3.64742142822924	0.519607497622855	-5.89372062997449	3.77595355240312e-09	1.70552695975952e-08
Sm_t00010397-RA	120.587890004503	-3.64734297208965	0.273721819574087	-11.1877926898728	4.6793758591603e-29	5.13160257155315e-28
Sm_t00005314-RA	26.069855769011	-3.64352541984474	0.489593407448869	-6.24707231206776	4.18217472115107e-10	2.00479615841538e-09
Sm_t00001744-RA	488.19285799005	-3.64151207819388	0.185105949635346	-16.5122303427585	2.99602951006341e-61	8.40199656205999e-60
Sm_t00009637-RA	12.8963146703359	-3.63898677431601	0.759550123899188	-4.02078372213044	5.80048414041448e-05	0.000188095123245132
Sm_t00010096-RA	11.4245493573912	-3.63481319816827	0.718168000493074	-4.2466570441378	2.16983707211692e-05	7.32721385512337e-05
Sm_t00011042-RA	339.781980298313	-3.63392470798528	0.223768564638984	-13.625348640477	2.83055283218718e-42	4.66383274763343e-41
Sm_t00009664-RA	242.948322735117	-3.63376509500527	0.360401231595369	-8.45936369725891	2.68840367526958e-17	1.88244760078355e-16
Sm_t00014100-RA	46.7297313079686	-3.63303593996409	0.321541019379807	-9.47946220312165	2.55596955038435e-21	2.10674620337964e-20
Sm_t00001836-RA	173.89822228504	-3.63001795991506	0.246105762651845	-12.3728023558014	3.66796955185663e-35	5.0041799176763e-34
Sm_t00010838-RA	15.8763928205571	-3.62684967589461	0.814944871319264	-3.73258337213699	0.000189525935217436	0.00057950129017108
Sm_t00015637-RA	7.61630339849234	-3.62548453108782	0.819399235413016	-3.71062651718886	0.000206746938272059	0.000630190392998344
Sm_t00006386-RA	13.4961210700018	-3.62354668041878	0.629786220038043	-4.82472715937677	1.40195051146378e-06	5.2622108201811e-06
Sm_t00004976-RA	7.34284171966948	-3.6228867490928	1.04639973320555	-2.90317997290243	0.00369394290593357	0.00972403617683967
Sm_t00008029-RA	758.663484499698	-3.62138352593994	0.201725235766063	-15.0520757326623	3.34569513412335e-51	7.08165051387888e-50
Sm_t00009723-RA	519.719202237487	-3.61785295086987	0.174298931458002	-17.4002957189709	8.20781065125688e-68	2.67564989879916e-66
Sm_t00005451-RA	822.537458854067	-3.61608752858944	0.233853005032121	-12.961507713673	2.02233094407748e-38	3.01863699520096e-37
Sm_t00003662-RA	2260.82295043004	-3.61323113115021	0.124535116268967	-24.3162830041443	1.31867943744735e-130	1.53612322160824e-128
Sm_t00010970-RA	39.7384719171384	-3.60264320240463	0.40507957530981	-7.4495071742304	9.36895459603326e-14	5.53236602838433e-13
Sm_t00011786-RA	895.58246280633	-3.60138082244441	0.474282124467139	-6.35988722078308	2.01901934879597e-10	9.88328660365657e-10
Sm_t00006883-RA	228.673589071382	-3.59913594819523	0.191360654673595	-15.7510746048422	6.75240541022729e-56	1.64446738777143e-54
Sm_t00003049-RA	39.1752059977677	-3.59603169494101	0.448209733974289	-6.71790786032713	1.84352196026623e-11	9.55190942896261e-11
Sm_t00008592-RA	5.89181133832074	-3.59427050414518	0.962013470011828	-3.12809601731271	0.00175942693936829	0.00481335752274543
Sm_t00008916-RA	25.2599574162168	-3.59277609371338	0.440299339509828	-6.83120737147108	8.42029088745799e-12	4.47702539429541e-11
Sm_t00014747-RA	755.38515590354	-3.59138369411686	0.200399575952065	-15.0019463855352	7.1297472006315e-51	1.49017978504541e-49
Sm_t00006790-RA	3.31735491101846	-3.59133525399092	1.22243409983469	-2.4593025132377	0.0139207262467036	0.033778799390763
Sm_t00012950-RA	440.666710657286	-3.58773692943383	0.183215221204676	-16.3891237294054	2.2871787249865e-60	6.23565027836746e-59
Sm_t00014254-RA	535.422721031738	-3.58720783331812	0.275338108823253	-10.9037134240118	1.10647401679245e-27	1.14838904496751e-26
Sm_t00017883-RA	33.5643072222494	-3.58708015556522	0.42144754674526	-7.12325929703372	1.05404252356271e-12	5.89400481957287e-12
Sm_t00005874-RA	95.1826080962292	-3.58491367184445	0.287778478442346	-10.4243850620173	1.91896610895803e-25	1.84882229282955e-24
Sm_t00007493-RA	487.097679541218	-3.58369425173601	0.201647661232555	-14.8709597394124	5.08787019834278e-50	1.03610931251826e-48
Sm_t00002034-RA	16.027517880704	-3.58173207975738	0.58476057056603	-5.1247163892337	2.9798594490906e-07	1.18610510640266e-06
Sm_t00011294-RA	9.14898800587602	-3.57965112897017	0.931752572812758	-3.21399823982237	0.00130900475734917	0.00363362793666431
Sm_t00017080-RA	34.4340223273591	-3.57960038101778	0.457155336164286	-6.55050951858871	5.73411015211396e-11	2.89363244210586e-10
Sm_t00001807-RA	25.9252000588573	-3.57877701790883	0.468144011724212	-6.39499159005049	1.60556192431183e-10	7.89650148662133e-10
Sm_t00006280-RA	149.49991048793	-3.57727038074229	0.282513469981984	-10.5916025205209	3.25963089253479e-26	3.23400425299848e-25
Sm_t00008986-RA	201.230094945667	-3.57452720867631	0.358163054082511	-8.34683302646734	7.01177371272168e-17	4.81658253635125e-16
Sm_t00007399-RA	74.3251392690027	-3.57436865334765	0.281629203577728	-10.6145549373845	2.55006765151578e-26	2.54213207294732e-25
Sm_t00005351-RA	126.241661327463	-3.57349181509414	0.339805002307799	-8.79472578331008	1.4339774808485e-18	1.05929919627381e-17
Sm_t00014824-RA	94.810863217593	-3.57266574386067	0.319295603225676	-9.35705256720684	8.19919949417689e-21	6.63020704728149e-20
Sm_t00006837-RA	19.9008141881936	-3.57001601801668	0.839464809006823	-3.55585604779345	0.000376750335020022	0.00111690818308658
Sm_t00013916-RA	136.333597535814	-3.56108133645994	0.299872670891431	-9.92448337360305	3.25785428475813e-23	2.89900302753744e-22
Sm_t00014794-RA	43.7313372034603	-3.55958872589628	0.440440753790052	-6.75366368870171	1.44157693737866e-11	7.54201903984097e-11
Sm_t00012012-RA	751.894274179348	-3.55458290821933	0.156254282885732	-19.0048096818631	1.5560937938689e-80	6.85751598366883e-79
Sm_t00018147-RA	1533.22725037654	-3.55356470254652	0.194290384213388	-15.2790098931822	1.05531908012362e-52	2.34706344949255e-51
Sm_t00017628-RA	152.878593358436	-3.5522996413257	0.279668499956004	-10.6100602741907	2.67576404157492e-26	2.66106730773463e-25
Sm_t00003652-RA	66.0204572092846	-3.551694275702	0.363873186824013	-8.15309943993439	3.54713707202709e-16	2.36542071040141e-15
Sm_t00006064-RA	119.151723995015	-3.54599271439303	0.270836999766074	-10.9327481730727	8.03766774611249e-28	8.39444948681767e-27
Sm_t00010302-RA	45.3406819351654	-3.54490444117379	0.416555693744744	-7.10566314570064	1.19746156882549e-12	6.67357471177485e-12
Sm_t00018431-RA	206.000980656371	-3.54246454961274	0.19333236046465	-15.2973074062968	7.96857883831823e-53	1.77698241350342e-51
Sm_t00001235-RA	474.150740894324	-3.54104200844999	0.245494823982081	-12.0411581820795	2.1590297189309e-33	2.75594766727593e-32
Sm_t00000951-RA	82.8599224635103	-3.5392260006387	0.301458288934022	-9.79978361545491	1.12827084343146e-22	9.82474422889772e-22
Sm_t00004087-RA	48.6899723339597	-3.53811473584336	0.326304721123507	-9.05017471299655	1.42739769781329e-19	1.10081439121175e-18
Sm_t00012507-RA	172.237365885474	-3.53704841657814	0.554617833914818	-5.32267128112497	1.02254426669327e-07	4.19648740935614e-07
Sm_t00015387-RA	276.762772163419	-3.53496463424449	0.226741946351217	-13.0102289484411	1.07020969113523e-38	1.61774528447647e-37
Sm_t00009815-RA	5.38329697831356	-3.53453098002476	1.10526075435214	-2.66862907093236	0.00761615092683517	0.019225616326598
Sm_t00016629-RA	48.9467382367466	-3.53448595238228	0.390616982983793	-7.55083900820734	4.32463151778614e-14	2.60447258941726e-13
Sm_t00009891-RA	1088.55027315014	-3.5341320128024	0.129265355439388	-22.8145584930933	3.28755388601453e-115	2.7382036316615e-113
Sm_t00005176-RA	327.613476786858	-3.53390135447836	0.233747823627841	-12.6157382289617	1.72929535893982e-36	2.43710677573769e-35
Sm_t00003240-RA	156.574001116027	-3.53284558793721	0.23194649301816	-12.7091621415738	5.25949334110318e-37	7.53333104695587e-36
Sm_t00002375-RA	593.868520015355	-3.53226685203262	0.142672267484386	-20.6576015367188	8.34054613382779e-95	4.67800732314153e-93
Sm_t00003392-RA	2351.46334678421	-3.53138870021131	0.38122528118538	-7.72873375829068	1.08621578516662e-14	6.75156065272593e-14
Sm_t00004471-RA	15.1504476754881	-3.52468182026513	0.593544050873037	-4.95276098874412	7.31678239214902e-07	2.82528885230455e-06
Sm_t00009401-RA	21.4949013458788	-3.51804823483209	0.494360578108149	-5.93301400782495	2.97423464004287e-09	1.35146755684217e-08
Sm_t00014207-RA	110.233368433124	-3.51798312936613	0.235209935236967	-12.4696396281528	1.09319311191291e-35	1.52006768432765e-34
Sm_t00016439-RA	21.7420606458509	-3.51519888995962	0.594221912634951	-4.93115253351441	8.17458697432607e-07	3.14122883087252e-06
Sm_t00008549-RA	129.411031280051	-3.51202525423505	0.361306475793644	-8.10122555319708	5.44082687748332e-16	3.59798706332343e-15
Sm_t00012492-RA	282.956370537707	-3.51041850551245	0.202317895523699	-14.4595143100911	2.18333018682479e-47	4.19491513865368e-46
Sm_t00017627-RA	17.2327759974507	-3.5071452129669	0.540282257821193	-5.40855297516356	6.3535994839145e-08	2.6466181596161e-07
Sm_t00010275-RA	111.646477667496	-3.50283253665373	0.286784798970752	-10.1742928743978	2.58268994869936e-24	2.38615913285824e-23
Sm_t00019209-RA	21.9582621542454	-3.49878382273217	0.532718194591106	-5.46965328445122	4.50916799039201e-08	1.90017000718315e-07
Sm_t00000115-RA	61.9020520035848	-3.49822563366953	0.314737666374885	-9.25604382603379	2.12147263498447e-20	1.69088474419001e-19
Sm_t00009676-RA	55.0677324982477	-3.49794773520923	0.327775831343123	-8.88701196568666	6.27742514505839e-19	4.70397427199202e-18
Sm_t00000741-RA	285.10039203044	-3.49577099200851	0.240606422101193	-12.0976446372005	1.08684958963934e-33	1.4002119461881e-32
Sm_t00003762-RA	273.645098215674	-3.49363700521165	0.160289792052277	-18.146115033096	1.37809808926084e-73	5.24117761892854e-72
Sm_t00003504-RA	33.1011267285391	-3.49207716995331	0.409996476123156	-7.09049306336007	1.33635015404025e-12	7.42773469002421e-12
Sm_t00016583-RA	88.5186894549361	-3.49169140571003	0.33517019697037	-8.67228480331439	4.23534703383331e-18	3.08493270177504e-17
Sm_t00002256-RA	370.577427804009	-3.491288400221	0.233382287705529	-12.4529090394727	1.34839254515405e-35	1.87023505555172e-34
Sm_t00004966-RA	105.354117554581	-3.48850379293504	0.249756524769593	-11.6253370982544	3.06381573589221e-31	3.62994612578182e-30
Sm_t00009255-RA	321.308210385172	-3.48723088609269	0.158368630435208	-18.3257939284892	5.15240547169078e-75	2.01836382393396e-73
Sm_t00000320-RA	30.6394379972374	-3.48610030209984	0.469208283368766	-6.1829690671078	6.29070447078162e-10	2.98123912017867e-09
Sm_t00012802-RA	128.646297720649	-3.48587835064241	0.287335651646383	-10.095782872821	5.76690631982081e-24	5.26961741500686e-23
Sm_t00000414-RA	4904.58556240089	-3.48432957250043	0.105632253068851	-27.4473892988978	7.46443957170667e-166	1.61483940760376e-163
Sm_t00000193-RA	199.061999126982	-3.48012926519592	0.277560783798708	-10.430613523903	1.797240577603e-25	1.73455582512809e-24
Sm_t00004581-RA	102.080946084861	-3.47437228146081	0.296379043441233	-9.74890885641761	1.86461578850276e-22	1.60853287441113e-21
Sm_t00014487-RA	69.8527844804784	-3.47357428629033	0.271459462384523	-10.6409047631527	1.92253338472623e-26	1.92345712449066e-25
Sm_t00004077-RA	129.935332049846	-3.47150746518598	0.298299037648338	-9.67655641111676	3.79276039150899e-22	3.22510477803761e-21
Sm_t00010662-RA	59.2394201223362	-3.46911788543779	0.334987749692328	-8.60962195807676	7.33019031178667e-18	5.28598745514036e-17
Sm_t00020259-RA	105.431794186339	-3.4677461551932	0.261887358001207	-11.0075804238703	3.51311932520565e-28	3.73462295592059e-27
Sm_t00009976-RA	13.0431839790454	-3.46754237927513	0.641891085650421	-4.490703241897	7.09884000262492e-06	2.50163902609956e-05
Sm_t00006952-RA	630.330760189823	-3.46700623527481	0.438946582003291	-6.56573340227811	5.17773808503007e-11	2.62001096659875e-10
Sm_t00003825-RA	810.703768669114	-3.4660307584294	0.17499463083628	-16.4635380220597	6.70633862304799e-61	1.86190314637889e-59
Sm_plastid_g00094	41.930590312261	-3.46479187292247	0.377150003552754	-7.63566709742761	2.2465412482485e-14	1.36979810078051e-13
Sm_t00016976-RA	327.954738535239	-3.45979711573842	0.200307366913722	-14.3519290380203	1.03614560361038e-46	1.96360790272374e-45
Sm_t00006124-RA	44.9895578550828	-3.45800533446111	0.399024870792019	-7.2000658223597	6.01834994871058e-13	3.40535575562571e-12
Sm_t00017678-RA	51.061179743024	-3.45414917642111	0.347209141388889	-8.26346093580393	1.4150852463013e-16	9.61357668551678e-16
Sm_t00000519-RA	613.743793223363	-3.45374653312868	0.449157248253034	-6.3869536655291	1.69222883670812e-10	8.31783651870282e-10
Sm_t00004293-RA	22.1941875430216	-3.44994464359245	0.493761764215894	-5.80228128466379	6.54186967912334e-09	2.91609486526188e-08
Sm_t00017625-RA	17.0383632397058	-3.44576932754367	0.584154701567792	-4.89728032636861	9.71721681477684e-07	3.70241074337952e-06
Sm_t00003626-RA	292.22083965942	-3.44368395612324	0.315335222964994	-9.06553961604408	1.23988994963612e-19	9.59762396888405e-19
Sm_t00014171-RA	42.641751903268	-3.44149302660168	0.392427294009007	-7.27903759552492	3.36209987495759e-13	1.92924077564738e-12
Sm_t00007045-RA	38.7080367848807	-3.44083730334785	0.416657753867645	-6.85415614335365	7.17346956973978e-12	3.82141528918213e-11
Sm_t00005296-RA	7.62744597089158	-3.43852026662141	0.895218224885286	-3.187513599812	0.00143501709369384	0.003961636517526
Sm_t00020370-RA	128.448177882309	-3.43728427055796	0.279581168749748	-10.2019899384247	1.94251073477989e-24	1.80168952226968e-23
Sm_t00018156-RA	8.63212734218089	-3.43722156614599	0.865398578593423	-3.29584729707074	0.000981253355193752	0.00276811488413506
Sm_t00006358-RA	32.7570264399871	-3.43707258264118	0.49010675232586	-5.81928848991842	5.90986555521472e-09	2.64002521906052e-08
Sm_t00011976-RA	58.9473388727007	-3.43409430305969	0.319204006264104	-8.92562200708219	4.43201561858032e-19	3.3467142418092e-18
Sm_t00010286-RA	89.6445288044105	-3.43118885607186	0.279937548092243	-10.1672279244727	2.77699440732212e-24	2.56283506023113e-23
Sm_t00009256-RA	154.048194542557	-3.42972121683716	0.206638575856699	-13.766651289786	4.04534190354896e-43	6.84830339728847e-42
Sm_t00012008-RA	250.917191112729	-3.42853060638761	0.224886659362132	-12.6442831889317	1.20316822482699e-36	1.70139017734873e-35
Sm_t00008687-RA	46.5155119946991	-3.4280081577771	0.866992816887518	-3.27915999117897	0.00104116590029608	0.0029242524982519
Sm_t00003224-RA	9.10499481495269	-3.427098972437	0.77646620446629	-3.66029964483842	0.000251920472935223	0.000760509466863889
Sm_t00014459-RA	232.267900180812	-3.4269067803144	0.173089047273174	-16.4187556930117	1.40416792794026e-60	3.85348094623211e-59
Sm_t00012927-RA	15.920027395592	-3.42680519734293	0.824837703270717	-3.44529012928769	0.000570446751148556	0.00165375948148845
Sm_t00004841-RA	201.780063929858	-3.42637193506578	0.196158279517464	-14.485098166926	1.50507483217145e-47	2.90179821230463e-46
Sm_t00011743-RA	140.002556296436	-3.4232931495319	0.267400045179516	-10.6144078907184	2.55408574702057e-26	2.54461485489645e-25
Sm_t00013978-RA	14.9979390832093	-3.42258060218376	0.592934238086789	-4.78565820611023	1.70427876525375e-06	6.33985611246024e-06
Sm_t00005776-RA	50.3765717990456	-3.42169925847624	0.326591027955661	-8.68578440820291	3.7613769510523e-18	2.74570627741583e-17
Sm_t00008587-RA	16.6563575035775	-3.41997102181171	0.56150238541535	-5.04890289952134	4.44354506184749e-07	1.74659211043547e-06
Sm_t00012821-RA	38.6778787325641	-3.41665700402743	0.45507199798838	-6.22243736495458	4.89490219831559e-10	2.33569982296021e-09
Sm_t00013160-RA	201.828891918711	-3.41281911772798	0.324786254835827	-8.706708106097	3.12827332947938e-18	2.28756703786073e-17
Sm_t00011838-RA	8.76460985355835	-3.41199553351447	0.833073885182767	-3.39345114976717	0.000690178671528857	0.00198224074315995
Sm_t00005349-RA	230.497544540376	-3.41097126846168	0.17195368961229	-16.4344904423598	1.08331436612402e-60	2.99764961974982e-59
Sm_t00012392-RA	171.551936060566	-3.40892760507404	0.246533100915194	-11.4545576013561	2.2309941839291e-30	2.56479648832926e-29
Sm_t00008144-RA	557.580529009154	-3.40831108704965	0.199968576329373	-14.1187737537287	2.91011076686762e-45	5.29799182016183e-44
Sm_t00004418-RA	147.408546463001	-3.40563782365369	0.290221832318498	-9.71890295475166	2.50465345401183e-22	2.15286466650821e-21
Sm_t00021550-RA	28.0459329901156	-3.40163384229389	0.451206781232462	-6.24244572433135	4.30781281145805e-10	2.06205591417438e-09
Sm_t00001379-RA	456.612538613802	-3.39989808424394	0.299533581301961	-9.39760434208619	5.58194872346368e-21	4.54245734418456e-20
Sm_t00002406-RA	1497.16985256317	-3.39946109675168	0.091762390202791	-30.6711833740581	1.37934570030459e-206	7.92315195712891e-204
Sm_t00000034-RA	145.969928994028	-3.398167295416	0.235434676920998	-11.9488230544729	6.5851181948529e-33	8.24154011193536e-32
Sm_t00005966-RA	192.498365420336	-3.39783918279673	0.228096276046823	-12.331806689467	6.10620786017747e-35	8.2428857807809e-34
Sm_t00003741-RA	9.4524740536469	-3.3957292262714	0.765887800128487	-3.66989685147076	0.000242648361388985	0.000733448812197009
Sm_t00000323-RA	37.8421241633325	-3.39558611875553	0.445751288612712	-6.30527872954168	2.87675715840703e-10	1.39589340940123e-09
Sm_t00012916-RA	171.23023235173	-3.3948020600563	0.280083285600821	-10.0320233463016	1.10234146080581e-23	9.9743639620332e-23
Sm_t00002653-RA	113.426912644636	-3.39456966348309	0.256941798088293	-10.9346540126478	7.87056280056593e-28	8.23024702648005e-27
Sm_t00013075-RA	846.635882534448	-3.39279907722102	0.452981327521068	-6.1984874577207	5.70083476548008e-10	2.7086282237127e-09
Sm_t00005862-RA	4426.68194137457	-3.38920099762252	0.162255235853934	-17.2826533631675	6.35557612764364e-67	2.02430568134393e-65
Sm_t00006965-RA	86.9737768687681	-3.38911542290395	0.329299379657392	-8.51539843719533	1.66018491216569e-17	1.17332881912839e-16
Sm_t00012652-RA	104.972885805225	-3.38860097482671	0.335938551336087	-8.34557678383828	7.08671588718487e-17	4.86605578106866e-16
Sm_t00005001-RA	570.51826801295	-3.38813707764963	0.28888327334782	-9.70335542506334	2.9174302356427e-22	2.49735626235026e-21
Sm_t00003627-RA	95.8545391826951	-3.38707216353624	0.26600390606311	-10.5339511926996	6.02511363011102e-26	5.92481362753184e-25
Sm_t00006671-RA	151.877758791788	-3.3864624320708	0.209510925421096	-13.3714383936787	8.88067240184616e-41	1.41428528556361e-39
Sm_t00001722-RA	58.410147727023	-3.38356784080127	0.360204036127952	-7.76939612027879	7.88611866276895e-15	4.94046501257635e-14
Sm_t00017245-RA	58.8583614336333	-3.37893192861154	0.39068670401455	-7.15133609591045	8.59372897406359e-13	4.82163480127825e-12
Sm_t00011753-RA	95.8154281698592	-3.37827165186452	0.261162032760194	-10.6955502771315	1.06783905373248e-26	1.08002810911206e-25
Sm_t00001249-RA	58.1964641170251	-3.37735389127088	0.305876186606443	-9.12903329366951	6.91136671042727e-20	5.40514303578862e-19
Sm_t00015525-RA	285.75076977163	-3.37695833817497	0.231171691193149	-12.077423164423	1.39008059984162e-33	1.78397246780907e-32
Sm_t00017018-RA	48.6716184625424	-3.37458899970591	0.413882620396503	-6.7400486568715	1.58333599788498e-11	8.24998781756895e-11
Sm_t00011286-RA	1019.82014107937	-3.37229637438122	0.133928319434194	-20.8118520874202	3.38030418855144e-96	1.96198979696481e-94
Sm_t00010460-RA	104.763441245124	-3.37217087645418	0.244293637703175	-11.4091013693966	3.76599779924052e-30	4.30274289024339e-29
Sm_t00001574-RA	734.995005918698	-3.37065140826345	0.177179194437378	-15.7222263997143	1.0651402692897e-55	2.58645868889618e-54
Sm_t00017223-RA	152.089191293165	-3.36787736180668	0.227530650354908	-12.2307801496892	2.12884139616037e-34	2.81000316776857e-33
Sm_t00009062-RA	111.780475122048	-3.36349907880177	0.342652560926535	-8.10879414205657	5.11245758765905e-16	3.38621544712622e-15
Sm_t00001569-RA	522.541869719453	-3.36121104113557	0.228203294001855	-12.1655169496064	4.74432302715434e-34	6.17911907633596e-33
Sm_t00008917-RA	48.8081624491103	-3.35798274503633	0.351075610985577	-7.89853427087035	2.82202192580015e-15	1.80596393545828e-14
Sm_t00002089-RA	651.618837615939	-3.35609050806155	0.235110930248599	-11.7863108496551	4.59219339032145e-32	5.59595885120517e-31
Sm_t00014022-RA	4.7213632734118	-3.35550255727122	1.11586273229113	-2.48283456118542	0.0130341606545978	0.031771005002091
Sm_t00012214-RA	341.226671953794	-3.35390043630443	0.18365365443875	-15.076751098508	2.30327197387496e-51	4.91266383365033e-50
Sm_t00010389-RA	13.3342890841808	-3.35330389196989	0.743139388864068	-3.725147574537	0.000195200992440565	0.000596306277659075
Sm_t00003630-RA	57.4543046895162	-3.35254249446432	0.349809741983947	-7.91156495175977	2.54173270422936e-15	1.63160629622554e-14
Sm_t00014704-RA	50.5811041343174	-3.34976141175918	0.3076571868025	-8.9865003333532	2.55227926509564e-19	1.94669725265399e-18
Sm_t00004238-RA	82.4562735538204	-3.34866942841811	0.272458213304604	-10.143461615262	3.54316787293863e-24	3.25549312892508e-23
Sm_t00006502-RA	40.9374928923577	-3.34781786891765	0.402927429807506	-6.85686221520724	7.03894608019147e-12	3.75335351484729e-11
Sm_t00004000-RA	262.789989321083	-3.34692020555252	0.226237704769517	-12.2080455526468	2.81571920629028e-34	3.70199293909893e-33
Sm_t00003736-RA	19.9280010492458	-3.34424406883617	0.528896792358829	-5.21698015321705	1.81863737451295e-07	7.33887145945658e-07
Sm_t00003805-RA	6.6386997537643	-3.34349575013579	0.941644132995264	-2.92944611820744	0.00339566679156757	0.00897287712784463
Sm_t00007847-RA	1831.91521053008	-3.34086978124676	0.248479766244577	-11.0909223028413	1.38848741441859e-28	1.50191060710291e-27
Sm_t00014823-RA	27.5751725371377	-3.33993537506305	0.513147429487924	-5.36870150126686	7.93055517005587e-08	3.28379786285833e-07
Sm_t00002724-RA	84.3194751895265	-3.33596599355168	0.242012417833341	-11.3670447912557	6.10186461287595e-30	6.9146163755978e-29
Sm_t00005111-RA	151.528876573909	-3.33506761689139	0.228646916855157	-12.0275735825185	2.54531572468249e-33	3.24158022490527e-32
Sm_t00003723-RA	94.6735606364693	-3.33433214935664	0.256312644038039	-10.7264788269619	7.64541944551562e-27	7.78468197575789e-26
Sm_t00013295-RA	1705.69616385631	-3.33406451241415	0.111144487593141	-24.7341507612816	4.59181971294425e-135	6.16859135308269e-133
Sm_t00017073-RA	5.6543232681668	-3.33040090863893	0.991107611525	-2.77003311922368	0.00560505929654571	0.0143843903500013
Sm_t00007205-RA	21.2927208661082	-3.32930877991199	0.523904654605518	-5.23818361945717	1.62164679476348e-07	6.57260153459126e-07
Sm_t00002723-RA	44.5427375552213	-3.32364517022891	0.415400555780945	-6.59278167088706	4.3166115355459e-11	2.1949363540636e-10
Sm_t00008305-RA	158.538233888859	-3.3233775451476	0.285694585308394	-9.58498230616324	9.24734932277989e-22	7.72916934364613e-21
Sm_t00015399-RA	7.28274632942399	-3.32327289078703	0.824028710446862	-3.32303092850016	0.000890450410892345	0.0025234982893237
Sm_t00017278-RA	43.9557171553163	-3.32246743347573	0.339981319845831	-8.05181718430019	8.15736928387817e-16	5.35403693974951e-15
Sm_t00019148-RA	7.9749606813927	-3.32135483948051	0.795673773600657	-3.43904113754775	0.000583778516805412	0.00169005605369214
Sm_t00006505-RA	26.1339103926715	-3.3155392537245	0.531122482818595	-5.1410726189445	2.73174437001892e-07	1.08864587836783e-06
Sm_t00002648-RA	322.639353396182	-3.31493984588959	0.172930962864453	-15.786298767268	3.86609064986844e-56	9.48473314366841e-55
Sm_t00004677-RA	11.3215954437986	-3.31487249196358	0.640519758330708	-4.261964531864	2.02637610227214e-05	6.86224295825356e-05
Sm_t00018121-RA	10.2229047987671	-3.31253733877455	0.928539385522491	-2.93744926849792	0.0033092431050172	0.00875979209333807
Sm_t00007210-RA	366.53917428298	-3.31069131902936	0.184372731388602	-14.7835924461325	1.86924223833352e-49	3.77428329771635e-48
Sm_t00017058-RA	30.4831151244315	-3.30819708761455	0.543018145668581	-5.0149283395708	5.3053235230402e-07	2.0721237806988e-06
Sm_t00009404-RA	43.9030588095095	-3.30782357253789	0.385275056595201	-7.06721996643218	1.58068292043403e-12	8.75075310355268e-12
Sm_t00003124-RA	50.6816396453342	-3.30567139645863	0.300031176378848	-9.06796230076855	1.2126350006605e-19	9.39101526778364e-19
Sm_t00016909-RA	1529.28597041981	-3.30558838319765	0.135395574785965	-20.093628521452	8.39007162493745e-90	4.22241127275553e-88
Sm_t00007518-RA	207.075260267951	-3.30384749247379	0.26704031215077	-10.1814122016856	2.40052007589203e-24	2.21908232098832e-23
Sm_t00004179-RA	31.3134947546012	-3.30312282933584	0.593654504618798	-4.57862748145274	4.68036881806043e-06	1.67497418018117e-05
Sm_t00016432-RA	104.403892386287	-3.30246066654313	0.243362262142034	-11.1663190612402	5.95998708926258e-29	6.50173313247781e-28
Sm_t00021708-RA	33.1366895683914	-3.29919227256589	0.368015863317389	-7.37520455803036	1.64092904522609e-13	9.6011928469885e-13
Sm_t00010083-RA	17.4577032685643	-3.29548834694635	0.567245235040236	-4.77833603442097	1.7675181187186e-06	6.56191593974024e-06
Sm_t00011424-RA	340.790898827802	-3.29302584815687	0.217700316567274	-12.4392370707465	1.60025061006869e-35	2.2121970674294e-34
Sm_t00010663-RA	145.995137352435	-3.28940037823967	0.322792395617038	-8.37814153914638	5.37699604610632e-17	3.70847008360354e-16
Sm_t00013291-RA	83.3184414607756	-3.28937191517564	0.279016915793509	-9.69250164451341	3.24481689278873e-22	2.77190563077306e-21
Sm_t00012379-RA	27.0296372809935	-3.28886124131453	0.459814076108788	-5.88033594838192	4.09434626137173e-09	1.84433802114468e-08
Sm_t00017059-RA	61.6196918778382	-3.28787846433144	0.34700502172205	-7.78916238997958	6.74548662251667e-15	4.24825391901258e-14
Sm_plastid_g00092	33.4425822604024	-3.28548215439816	0.418931119091488	-6.44612450909482	1.14746407316893e-10	5.71092217832326e-10
Sm_t00002074-RA	1538.16304038029	-3.28492630647842	0.14388668804544	-18.7642536161911	1.48062622330704e-78	6.30799785878484e-77
Sm_t00004562-RA	107.965517774824	-3.28370209050606	0.212002352255917	-12.7295856002972	4.04982899920404e-37	5.83581760110216e-36
Sm_t00010752-RA	23.4790192551567	-3.28170595182131	0.513954154124341	-5.24697763444656	1.54614660288608e-07	6.2757578242876e-07
Sm_t00006277-RA	43.716147891508	-3.27869798688102	0.350794655504029	-7.67884557138039	1.60528608617042e-14	9.89668971999514e-14
Sm_t00012742-RA	25.8428243254171	-3.2785519374812	0.488573384255662	-5.51309593252772	3.52575923655487e-08	1.49369525337057e-07
Sm_t00001654-RA	13.4791504525771	-3.27844814443656	0.679732687081226	-3.96251084525924	7.41656369632296e-05	0.000237586765487208
Sm_t00009746-RA	111.953105934005	-3.2774207937279	0.254413013225696	-10.5828737280015	3.57812220781825e-26	3.54365991306995e-25
Sm_t00020375-RA	34.1386336030456	-3.27658262409359	0.389948744809691	-6.9024010460841	5.11308385199394e-12	2.74665433107111e-11
Sm_t00016317-RA	117.971919918526	-3.27407499731529	0.254224345960685	-10.5775667832032	3.78664267971851e-26	3.73905712855667e-25
Sm_t00010130-RA	289.012156942312	-3.27343694396477	0.314450878485058	-8.54962452932857	1.23489569811317e-17	8.78722449345114e-17
Sm_t00010161-RA	7.55256115588118	-3.27332759885588	0.810179382420042	-3.31818811634743	0.000906034422616942	0.00256591659502772
Sm_t00005341-RA	23.1285111232939	-3.27313058853551	0.487229073362436	-5.51718018381857	3.44482197014535e-08	1.46089216850003e-07
Sm_t00003050-RA	17.9247530004883	-3.27168381043708	0.681092050790226	-3.94467063199445	7.99097364885814e-05	0.000255104712615329
Sm_t00006827-RA	59.6051560927049	-3.2713105656326	0.419869154677248	-6.39797073852105	1.57455451434748e-10	7.75086557328616e-10
Sm_t00011208-RA	269.596459860095	-3.27031345989413	0.169093091409739	-15.8806810941034	8.62368929772452e-57	2.14728574471592e-55
Sm_t00004223-RA	916.415196703715	-3.26994446496457	0.148496487044778	-18.0808618331485	4.50977954450555e-73	1.69197990208048e-71
Sm_t00005015-RA	169.901018038319	-3.26581991588772	0.252369324297861	-10.6226060688884	2.33937307731004e-26	2.33488776044521e-25
Sm_t00012497-RA	260.469963339681	-3.26396638176549	0.347224026743297	-7.71538308247904	1.20619388417571e-14	7.48613178934388e-14
Sm_t00001364-RA	4.91973970855327	-3.26392793571856	1.11371019338603	-2.40540847307304	0.0161543979911074	0.0388459201409316
Sm_t00014295-RA	138.435295890308	-3.26387520895967	0.244191424069695	-10.9703902140113	5.30429816855851e-28	5.60298027215268e-27
Sm_t00002736-RA	30.7776909118105	-3.26254531830631	0.54443316623405	-4.91804225820298	8.74140445781342e-07	3.347455527776e-06
Sm_t00001030-RA	434.278173772704	-3.26155692463436	0.217141995047485	-12.3262979325996	6.53821899835184e-35	8.81178414842596e-34
Sm_t00008314-RA	134.403547465953	-3.25861434597716	0.234281897195865	-11.4119544786764	3.64447026203552e-30	4.16675261667727e-29
Sm_t00015610-RA	39.590176694721	-3.25771708226577	0.355858302927248	-7.51062167239127	5.88472315113213e-14	3.51605876081632e-13
Sm_t00009982-RA	170.349246211758	-3.25617234684561	0.286361999734508	-9.32795674468715	1.07931443271788e-20	8.68141951724502e-20
Sm_t00009275-RA	105.657242112795	-3.25559632461665	0.229747500659697	-11.6240495193562	3.11035852873954e-31	3.6824699624551e-30
Sm_t00007517-RA	158.733661301821	-3.25493384655025	0.225636822096488	-11.8328818042319	2.6392234712707e-32	3.23503933660245e-31
Sm_t00006212-RA	15.4639435285029	-3.2494497287395	0.613365054048079	-4.34398684951922	1.39919894741104e-05	4.80971029013063e-05
Sm_t00010946-RA	2079.32615110042	-3.2446609676448	0.0914804708148874	-29.0735382530625	7.75792321725483e-186	2.53395068535355e-183
Sm_t00008905-RA	39.8828033623129	-3.2444361947959	0.326660072616604	-8.1412955476724	3.91070475472592e-16	2.60369783390185e-15
Sm_t00012777-RA	112.703482815976	-3.24400515604437	0.256384856227448	-10.3711474818367	3.35471885151046e-25	3.19696262176551e-24
Sm_t00000745-RA	858.837604041199	-3.24376568066926	0.151993209468873	-17.4926609547893	1.62967098605286e-68	5.44029244201775e-67
Sm_t00016496-RA	170.139599652492	-3.24092422614999	0.265428760161445	-10.0061659653405	1.4319481301827e-23	1.28937253797748e-22
Sm_t00020191-RA	91.3211111850391	-3.23982718929885	0.230341451643739	-11.5256162985592	9.80083660613808e-31	1.13851001523743e-29
Sm_t00014488-RA	4.90908625343528	-3.23930585228754	1.01353849009742	-2.61885056978193	0.00882265855949829	0.0220506896150221
Sm_t00016332-RA	362.007004374129	-3.23335907482167	0.221244736353724	-11.9702692975597	5.08632699347305e-33	6.40423545406456e-32
Sm_t00006833-RA	23.9731809851866	-3.23322026928447	0.764288589139831	-3.46494806662612	0.00053033388101932	0.00154472841231331
Sm_t00000036-RA	218.522844286062	-3.23255321909534	0.234380845089046	-11.2959453580325	1.37417365031654e-29	1.53630769577e-28
Sm_t00018716-RA	12.8173197279308	-3.23190946898532	0.703369464225986	-3.76318507357734	0.000167762953132149	0.000516179400309446
Sm_t00003365-RA	99.3076746321945	-3.23024100869819	0.225922639177545	-11.7086141447709	1.15146286352183e-31	1.38993249134396e-30
Sm_t00010252-RA	21.2237363522499	-3.22938594886685	0.620546532532082	-4.26138220139056	2.0316643515635e-05	6.87735516528039e-05
Sm_t00008991-RA	28.9268281765557	-3.22636118657733	0.506982720386889	-5.20996294422352	1.88878351431099e-07	7.61087464474904e-07
Sm_t00015477-RA	39.260306526496	-3.22422410536177	0.38056307160584	-6.93505046147852	4.06076185072105e-12	2.19054957607873e-11
Sm_t00002486-RA	100.498976197315	-3.2220351943837	0.226384810573551	-11.6484634622911	2.33633371326409e-31	2.77990335682523e-30
Sm_t00000321-RA	58.70454638538	-3.22156146131311	0.325887654378904	-8.09039994576666	5.94691338919684e-16	3.92020907151725e-15
Sm_t00012190-RA	568.815179290225	-3.21863658207821	0.198454856905942	-13.2707086293506	3.42328144231311e-40	5.37464865844032e-39
Sm_t00006481-RA	18.27862548177	-3.21854867319471	0.626541952926302	-4.20330779270975	2.63042520212623e-05	8.79871948132907e-05
Sm_t00000113-RA	81.2908439320667	-3.21581509114058	0.24399210591022	-10.7823779024581	4.16965184927146e-27	4.27171343820197e-26
Sm_t00005768-RA	390.846343920933	-3.21449394551586	0.2723019770243	-9.65653637278293	4.61193568245807e-22	3.90374108731639e-21
Sm_t00010278-RA	545.585045305995	-3.21373202051837	0.155990626468725	-16.8518588586181	1.01668181784805e-63	3.02967544216687e-62
Sm_t00015580-RA	5.1015448418184	-3.21332388753713	0.927635488610482	-2.83335849027739	0.00460616970941569	0.011972160246442
Sm_t00006250-RA	683.560428266	-3.20973618585657	0.1322221301022	-19.8509597737368	1.08116118207825e-87	5.29705381501748e-86
Sm_t00011725-RA	162.56727034429	-3.20752560866527	0.246253528511785	-10.6496975881495	1.74932414161388e-26	1.75226948592929e-25
Sm_t00006931-RA	8.52843054888958	-3.20533752161957	0.989593564522655	-2.64789264558681	0.00809952413701576	0.0203563477782753
Sm_t00008060-RA	13.7017554955761	-3.19886178221569	0.716615055104454	-3.64751167812779	0.000264792279971377	0.000797632875183218
Sm_t00007750-RA	113.307569601355	-3.19511822231176	0.318804865588905	-8.18719694723064	2.67380430047657e-16	1.79452989675015e-15
Sm_t00007115-RA	131.004271436814	-3.19337925014982	0.23320867108468	-11.1847438520101	4.8430186579105e-29	5.30059164280375e-28
Sm_t00006316-RA	395.098289829662	-3.19010452286777	0.321674563643233	-8.09857171596904	5.56081787899961e-16	3.67296210263186e-15
Sm_t00011896-RA	162.516832470826	-3.18788415221258	0.261094464977067	-9.96912804122907	2.08047255506493e-23	1.86425561174135e-22
Sm_t00004232-RA	181.997721852734	-3.18692296316978	0.211009614224155	-12.3308265963927	6.18093924405074e-35	8.33701100626698e-34
Sm_t00014831-RA	182.099248077176	-3.18503640444834	0.367012613309819	-7.0843243805724	1.39724277202379e-12	7.76101036891371e-12
Sm_t00000324-RA	59.7384566491289	-3.18322400677636	0.332999237955472	-7.8024923502191	6.06963097668892e-15	3.83420223017384e-14
Sm_t00009894-RA	390.18273870972	-3.18303519290799	0.213778206555957	-12.1529469011985	5.53344804561347e-34	7.17324338862483e-33
Sm_t00016498-RA	17.4039594776504	-3.18241429773015	0.678289924995536	-3.82935703747515	0.000128478493993063	0.000400635483514871
Sm_t00004787-RA	84.6180367719285	-3.17637277388162	0.280287604146135	-9.24540627394475	2.34348712614038e-20	1.86249086580374e-19
Sm_t00011447-RA	307.213972364561	-3.17585916322287	0.160846366132156	-16.1076636390663	2.25379884793929e-58	5.83884622223525e-57
Sm_t00003625-RA	35.2084449876228	-3.17321458014562	0.357265729561666	-7.24450840364994	4.34010502436612e-13	2.4742460470873e-12
Sm_t00007114-RA	17.6271304666854	-3.17293201002474	0.641998204483254	-4.03105801846871	5.55263336574592e-05	0.000180579700302717
Sm_t00009986-RA	50.3887442952627	-3.16575480147968	0.348039147793775	-7.41512791833654	1.21507471520962e-13	7.137064388562e-13
Sm_t00000516-RA	420.45691900282	-3.16416909113598	0.146519212844898	-17.6029412188163	2.3385771521334e-69	8.0487640909583e-68
Sm_t00021682-RA	36.0445974093389	-3.16388133094756	0.389362035361435	-6.6233507551748	3.51146446563667e-11	1.79209482440489e-10
Sm_t00007921-RA	163.687615469139	-3.16143177435992	0.288508415808548	-8.93017892438056	4.25320334330921e-19	3.21460350693488e-18
Sm_t00004009-RA	13.1827111046444	-3.15938595766927	0.709469921645778	-3.62860479228971	0.000284957079425983	0.000856053206326064
Sm_t00006503-RA	11.5358077068957	-3.15707506110392	0.699426831815232	-3.67740404586507	0.00023561966486132	0.000713497978051239
Sm_t00010318-RA	42.192506760077	-3.15482658773595	0.349331035631053	-7.35642220592756	1.88904888187163e-13	1.10142724095967e-12
Sm_t00005869-RA	339.718139008287	-3.15279679519234	0.212319090899613	-12.0940457323568	1.13554035340136e-33	1.46181075787943e-32
Sm_t00006628-RA	233.174591757046	-3.15276691043105	0.184685995083919	-13.9034197436806	6.03858496590155e-44	1.05000781171177e-42
Sm_t00011142-RA	32.9660176382232	-3.15173344425271	0.411044058988928	-6.24442413926691	4.2536431021061e-10	2.03671131919757e-09
Sm_t00011165-RA	55.2983087020587	-3.15118806268464	0.325417601289818	-7.88583055284457	3.1245034549031e-15	1.99800301542326e-14
Sm_t00004415-RA	168.905148040109	-3.14756508799282	0.251477578714593	-10.1900340423634	2.19687270085494e-24	2.03647776576748e-23
Sm_t00005690-RA	22.8086485363377	-3.1472520702651	0.459564598525745	-5.57539044235488	2.46975300819298e-08	1.05815703730655e-07
Sm_t00019146-RA	138.178087722997	-3.14647258864716	0.222600868061849	-11.5070197656887	1.21608606919014e-30	1.40971202091644e-29
Sm_t00005260-RA	302.890073709812	-3.14017821828066	0.215022864876674	-11.8832860856271	1.4457009876474e-32	1.79318593091812e-31
Sm_t00014059-RA	1688.82850739874	-3.13652746098361	0.138048234938016	-18.4828691372204	2.8368647814279e-76	1.15259740314697e-74
Sm_t00005181-RA	958.699140379121	-3.13378452256653	0.151454540112728	-16.8287099262225	1.50342208341394e-63	4.45622865934331e-62
Sm_t00007928-RA	134.323269440614	-3.13220463647827	0.276238333282905	-9.22103969498538	2.94233225481613e-20	2.32953282798133e-19
Sm_t00010704-RA	243.488908972903	-3.13182180609372	0.232563282494471	-10.9510915858107	6.56516259545359e-28	6.88247190151453e-27
Sm_t00017045-RA	21.1883504132856	-3.1314726109216	0.543407170467318	-4.68612257863968	2.78429544546654e-06	1.01246002031394e-05
Sm_t00015429-RA	141.009649402524	-3.12804799687681	0.225945541208581	-11.255136893935	2.18486594475365e-29	2.41991335822515e-28
Sm_t00000258-RA	3088.78914017631	-3.12798098666748	0.208927672810361	-12.1715852785844	4.40444302197388e-34	5.74993823354552e-33
Sm_t00022505-RA	35.5310761956938	-3.12739500873283	0.400264725365709	-6.3517838260914	2.12832278539822e-10	1.04122176091523e-09
Sm_t00009567-RA	1133.12648265832	-3.12687930012878	0.215841787789069	-11.7765856471353	5.15387430154509e-32	6.2758214996446e-31
Sm_t00012343-RA	241.937132397473	-3.12635360021985	0.209086029494168	-12.154583481106	5.42375097497705e-34	7.04749171147954e-33
Sm_t00013845-RA	115.744169334365	-3.1182702121646	0.290218017744688	-8.7288523016279	2.57269935499898e-18	1.88543888497902e-17
Sm_t00012257-RA	23.319816719456	-3.1137439624496	0.458619723239639	-5.5138142437199	3.51139208971796e-08	1.48798701171513e-07
Sm_t00012454-RA	28.9241145670047	-3.11355170787207	0.480841048328581	-5.2586020196516	1.45154649726423e-07	5.89752720766527e-07
Sm_t00004320-RA	34.8427908202592	-3.10958656374534	0.532311885436768	-4.74268306384684	2.10906094649179e-06	7.76242537486971e-06
Sm_t00011350-RA	957.917863876345	-3.10840247629821	0.129222539085563	-19.5275723117263	6.40109117798658e-85	2.97847421348884e-83
Sm_t00005633-RA	1196.317905481	-3.10825789827605	0.128955784150042	-19.5668454494465	2.96474042967487e-85	1.38726533925629e-83
Sm_t00005450-RA	1629.1683938547	-3.10633667834515	0.126888959593574	-19.8704180917001	7.33890970733823e-88	3.61690999718462e-86
Sm_t00014587-RA	43.6728413949843	-3.1048826947749	0.372867093612075	-6.7581257181052	1.3978821519768e-11	7.31571501339288e-11
Sm_t00010594-RA	635.087213855266	-3.10269168746557	0.463740177054658	-5.42909976758132	5.66390171811862e-08	2.36464347920852e-07
Sm_t00017007-RA	15.8996727084962	-3.0990766179602	0.586654530990215	-4.28544651946469	1.82372517928081e-05	6.19865620005299e-05
Sm_t00002964-RA	22.0964742994577	-3.09799970313092	0.453645724223011	-5.53956439782408	3.03224929358472e-08	1.29184677065305e-07
Sm_t00012289-RA	1697.63872674786	-3.09708645346059	0.190546794337401	-13.1835671242647	1.09107347252581e-39	1.69070715398464e-38
Sm_t00006794-RA	18.2296829036184	-3.09692629028119	0.48618990217525	-5.16655380756089	2.38449579319597e-07	9.54141987102052e-07
Sm_t00011025-RA	9.48754940854989	-3.09603365220608	0.79150293245977	-3.17248812256764	0.00151138741436284	0.00416625708231941
Sm_t00013418-RA	12.2464521962133	-3.09437134169134	0.6710967372831	-3.73920956887735	0.000184599786909194	0.000565476875750893
Sm_t00006660-RA	21.1777546575634	-3.09410942292331	0.574390083812099	-4.36830212365595	1.25216195313145e-05	4.32569759752461e-05
Sm_t00008859-RA	31.6438915482359	-3.09181631180186	0.507235086433517	-4.94211930296038	7.72779010687809e-07	2.97640526243642e-06
Sm_t00004412-RA	138.378407917125	-3.0916244536385	0.311926373286497	-8.03594908384429	9.28573013710439e-16	6.08025521320303e-15
Sm_t00008022-RA	192.679432637883	-3.0914538765768	0.243746446366932	-10.2830376152587	8.40364631698763e-25	7.89554091079413e-24
Sm_t00012748-RA	85.3148668450865	-3.08886351648271	0.275020011636215	-9.10429572592237	8.68279322239936e-20	6.76510615054858e-19
Sm_t00010764-RA	124.666667245514	-3.08883860047227	0.236948345224415	-10.5670229437596	4.2373267313646e-26	4.17912307229553e-25
Sm_t00013138-RA	259.325402293123	-3.08680353574258	0.186915275909518	-13.3846927361552	7.43040105383798e-41	1.18445570100319e-39
Sm_t00014060-RA	8.38456455963163	-3.08522780422563	0.809477605983807	-3.08869298636984	0.00201039074678445	0.00545691527781251
Sm_t00002477-RA	597.725179089564	-3.08504458277051	0.138597518067787	-18.0381627147735	9.77397849883333e-73	3.65055905456425e-71
Sm_t00008602-RA	13.9793191520179	-3.07897411651912	0.582873471043422	-4.27875729539478	1.87939654560341e-05	6.38006677331599e-05
Sm_t00003411-RA	207.897538674588	-3.07896272025164	0.246075825425253	-10.1349359123016	3.86627013650324e-24	3.54649382895765e-23
Sm_t00009823-RA	36.8261369547464	-3.07830783612889	0.460145938727013	-5.41851535846776	6.00959775325267e-08	2.50645666934609e-07
Sm_t00008590-RA	5.24272146387638	-3.07737894525473	1.01395883583933	-2.45806718888308	0.0139687037499956	0.0338853454299443
Sm_t00016415-RA	912.211035916652	-3.07472119379966	0.162248373256598	-15.3451226895331	3.81836801359465e-53	8.60708719492012e-52
Sm_t00002838-RA	4487.52974964007	-3.07326826316744	0.0902016888583688	-27.5856061528341	1.65612712124082e-167	3.72807643049048e-165
Sm_t00005631-RA	7.1372908489889	-3.07238123488723	0.872596953634653	-2.8505499870547	0.00436436896659814	0.0113863207902258
Sm_t00000858-RA	19.6500161758484	-3.07223748177885	0.509378391811968	-4.88288769559151	1.04543418707492e-06	3.97417678874808e-06
Sm_t00012261-RA	160.858155271512	-3.07086501321086	0.223682799102662	-11.1133490066437	1.08030363156971e-28	1.17465390957495e-27
Sm_t00007022-RA	11.3783083136917	-3.07061390018895	0.615728216476461	-4.03686859506459	5.41693894850483e-05	0.000176275383872228
Sm_t00013960-RA	8.32268631214545	-3.06685472846559	0.745091529033965	-3.33093939704749	0.000865534435441467	0.00245790532314762
Sm_t00010557-RA	317.028727550187	-3.06546295240332	0.26014152871513	-9.53505180297285	1.49810754873551e-21	1.24280256707351e-20
Sm_t00012262-RA	139.186530071651	-3.06136247950122	0.273357109956666	-9.05907470229614	1.31561816628365e-19	1.01554992650384e-18
Sm_t00007021-RA	12.0671248820195	-3.05882518401119	0.687267165875808	-3.59951021501036	0.000318817109802292	0.000953132701917907
Sm_t00005125-RA	7.25631121343537	-3.05862380128683	0.855114494990669	-2.89273987960386	0.00381897433979099	0.0100404789381689
Sm_t00009925-RA	275.457680480949	-3.05844335910922	0.13440473825653	-18.4029476281432	1.24409432634078e-75	4.95792423162314e-74
Sm_t00020823-RA	8.46571813378591	-3.05700381623045	0.911845395852691	-2.71099007295948	0.00670826345928825	0.0170448829629078
Sm_t00017081-RA	21.327632268292	-3.05596223934455	0.53489227449489	-4.61955118285813	3.84571008078311e-06	1.38272908538064e-05
Sm_t00014285-RA	22.6909708696468	-3.05489871104944	0.435407303957398	-5.67261662494093	1.40632716294806e-08	6.11660519070204e-08
Sm_t00002786-RA	9.30500228395729	-3.05408880672085	0.804235704321073	-3.07010593219711	0.00213982859642155	0.00578656895441398
Sm_t00010191-RA	59.3668764075655	-3.05266701225841	0.302504055697042	-8.15746753071561	3.4212199570187e-16	2.28236612110603e-15
Sm_t00019948-RA	46.3431364694207	-3.05186093577935	0.320281526454931	-7.702164289911	1.33780729358154e-14	8.29370818626024e-14
Sm_t00009552-RA	296.937267566429	-3.05082211894568	0.16901805219732	-14.5891050505479	3.29491584995432e-48	6.42701501505141e-47
Sm_t00010751-RA	242.088598403062	-3.04845756573612	0.358342096700648	-6.87459717520724	6.21652703856603e-12	3.32653091578647e-11
Sm_t00006447-RA	19.2559987326596	-3.0451832896598	0.517340575220805	-4.75544236716746	1.9801234524378e-06	7.3153463008891e-06
Sm_t00005846-RA	753.006334158609	-3.04385157198853	0.164507870915604	-14.9467108066214	1.63634139377635e-50	3.38190756048715e-49
Sm_t00008461-RA	72.6402463349316	-3.04337266922483	0.273937428506504	-8.97421240546713	2.85386173042816e-19	2.17075930161974e-18
Sm_t00008644-RA	5.4738478586304	-3.04259529285781	0.994019048803911	-2.47238249187981	0.0134215829456137	0.0326151318319522
Sm_t00013326-RA	83.3526021763266	-3.04105598612547	0.302596297761704	-8.11660950346334	4.79388165264566e-16	3.17773500078676e-15
Sm_t00010529-RA	413.240378663966	-3.03682200788688	0.309818436267057	-7.91373824433566	2.49773168294231e-15	1.60459754625735e-14
Sm_t00018455-RA	314.688792759011	-3.03669883862213	0.171402833154693	-14.3037241187807	2.07406784941168e-46	3.90835093161762e-45
Sm_t00008123-RA	62.650935251157	-3.03166940182358	0.317873561040913	-7.69698931176181	1.39309544606297e-14	8.6172238917627e-14
Sm_t00001954-RA	140.794892363574	-3.03073683587616	0.2050753904763	-11.9260376888509	8.65981914568911e-33	1.07975499497672e-31
Sm_t00008230-RA	31.12297388182	-3.02649522014674	0.467011901347015	-5.22790792505431	1.71438844652637e-07	6.92825879239115e-07
Sm_t00020546-RA	74.2543605473669	-3.02538463355382	0.423082497795477	-5.76810585706035	8.01674470627497e-09	3.55167375843427e-08
Sm_t00013008-RA	99.140245346234	-3.02333399633997	0.400276723376418	-6.09162075619115	1.11773224386454e-09	5.22423785586294e-09
Sm_t00003230-RA	42.8099781266089	-3.02229476339251	0.377395249231185	-6.45820202654292	1.05954236396874e-10	5.27964603619243e-10
Sm_t00002735-RA	57.8161126288248	-3.02073804912674	0.321313150574293	-7.58057379467125	3.44030017269536e-14	2.07865506988608e-13
Sm_t00002140-RA	21.105108210815	-3.01893382828592	0.624041086116134	-3.90027817468571	9.60822261198597e-05	0.000303938040771862
Sm_t00013280-RA	7.34081670934953	-3.01814795467846	0.897150070156541	-2.71208578766973	0.00668612863508503	0.016991232769374
Sm_t00012263-RA	150.028566575006	-3.01769062059403	0.283133926318578	-8.59201386504562	8.54580737885567e-18	6.14398184363305e-17
Sm_t00000016-RA	34.2936800214476	-3.01716458435782	0.427628275043606	-5.68756727816888	1.28861842571633e-08	5.62226446715103e-08
Sm_t00004668-RA	63.0754108229507	-3.01638285532814	0.292874778357785	-8.30178299736647	1.02560410131283e-16	7.00472042626857e-16
Sm_t00007720-RA	19.0466988635142	-3.01563850019378	0.556517451039123	-4.36758720801176	1.25626641019548e-05	4.33897695646616e-05
Sm_t00007078-RA	23.1382770259887	-3.01454811260853	0.454095678885541	-5.35030000411195	8.78085445183843e-08	3.62866468515814e-07
Sm_t00006452-RA	180.962018693958	-3.01446244322974	0.26678825467793	-9.1063320840815	8.52142045710055e-20	6.64248114058872e-19
Sm_t00008505-RA	33.6920888584479	-3.01052013594542	0.429808000209487	-5.6432642825709	1.66855917301374e-08	7.2194438192371e-08
Sm_t00008456-RA	17.2991974763933	-3.0089140076301	0.595735014894898	-4.06877881444947	4.72601844027021e-05	0.000154668006243656
Sm_t00014866-RA	31.3160814194883	-3.00859803234866	0.446219583847433	-5.43140220662595	5.59129540994241e-08	2.33608725705595e-07
Sm_t00014941-RA	88.0088522766147	-3.00806828054073	0.258807293231375	-9.36244203278496	7.79146676584287e-21	6.30662066984502e-20
Sm_t00013943-RA	3653.9828058549	-3.00681338908659	0.13576354655928	-17.8384658508396	3.55317976240249e-71	1.30371957009032e-69
Sm_t00002184-RA	1624.4032043751	-3.00590236882566	0.248204132774958	-9.75367469413027	1.77909175599812e-22	1.53554976535838e-21
Sm_t00003464-RA	26.6424152129463	-3.00345433869343	0.393881047460223	-6.14006272779008	8.24889007569807e-10	3.88493103989195e-09
Sm_t00012951-RA	904.920245635566	-3.00235951658098	0.219536984760374	-11.011172077541	3.37583064340732e-28	3.59096978658232e-27
Sm_t00008906-RA	190.866488343842	-3.00192878370178	0.178174069180382	-13.5649861667295	6.45918521804748e-42	1.05694604481567e-40
Sm_t00013170-RA	1374.45738835363	-3.00167818851159	0.226919473541797	-10.6499374019853	1.74482348790714e-26	1.74881285568936e-25
Sm_t00006820-RA	47.7415556956764	-3.00087404241244	0.354903835796135	-6.8071229407624	9.95698406647778e-12	5.26885135258535e-11
Sm_t00017005-RA	39.5759979517157	-2.99958832494535	0.368778449504204	-6.54753098558658	5.84960869588832e-11	2.95102306650841e-10
Sm_t00010560-RA	54.7640271038975	-2.99671090428035	0.359988838076926	-6.69940467366655	2.09270328831478e-11	1.07959898967939e-10
Sm_t00010849-RA	488.542129856736	-2.99569272901826	0.205620154077407	-11.7240099339228	9.60170654597419e-32	1.16154849413826e-30
Sm_t00001860-RA	180.355174752943	-2.99310219171652	0.30469197547371	-7.90339879470931	2.71399523154398e-15	1.74017446370514e-14
Sm_t00015440-RA	4.17124740509299	-2.99112745598969	0.918312598419555	-2.62016165315679	0.0087888094730316	0.0219825808110751
Sm_t00006335-RA	21.3819096516851	-2.98892518908192	0.612427077317027	-3.9252431483161	8.66421760684531e-05	0.000275331050924893
Sm_t00006384-RA	12.8132247499934	-2.98604753146413	0.597503653295764	-4.01846502229772	5.85785027116785e-05	0.000189844493807615
Sm_t00014630-RA	390.566117060866	-2.97842780158226	0.158047173409367	-15.143755816391	8.33164701429913e-52	1.79313405638495e-50
Sm_t00001771-RA	191.702071109458	-2.9770998294762	0.429688892273917	-5.56705065568996	2.59087095943993e-08	1.10919374048703e-07
Sm_t00012340-RA	135.310634772462	-2.97690591974388	0.20196116025957	-11.8433956146305	2.32831516967531e-32	2.86448110018104e-31
Sm_t00005288-RA	70.8322952564501	-2.97396631611772	0.342809519190955	-6.96878640288574	3.19686629291651e-12	1.73746814706047e-11
Sm_t00012259-RA	129.950762870585	-2.97201097056616	0.276085324157819	-8.64591762654385	5.33746097268973e-18	3.86403411052001e-17
Sm_t00005110-RA	187.520768428998	-2.97196442308071	0.251361273418441	-9.49615026459199	2.17793396144302e-21	1.7969303580841e-20
Sm_t00003030-RA	23.3061849474135	-2.97090677789494	0.515189429574282	-4.63112525399927	3.63683767546246e-06	1.3096074794175e-05
Sm_t00008856-RA	9.71613448532561	-2.96963608353148	0.730242851077399	-3.26553841645034	0.00109256184319762	0.00305777808870731
Sm_t00009308-RA	329.662488460172	-2.9685540688892	0.310454226543399	-7.67763446298578	1.62053113189032e-14	9.98698024233405e-14
Sm_t00013378-RA	911.931078295797	-2.96844359894314	0.161918742991087	-14.7199981602769	4.79673383551156e-49	9.55789380764971e-48
Sm_t00015486-RA	50.5904523472759	-2.96748313776036	0.320694849929189	-7.42912815184412	1.09315798528203e-13	6.43456739181206e-13
Sm_t00012387-RA	21.8326789169032	-2.96681142744046	0.475292805297089	-5.0112507508959	5.40773940404774e-07	2.1091576444071e-06
Sm_t00019816-RA	55.9596878938789	-2.96571814310012	0.399174488681974	-5.96410394602361	2.4598012065457e-09	1.12415277088171e-08
Sm_t00009395-RA	5.63504733788889	-2.96320762677626	0.937191953165015	-2.53758861111083	0.0111619107044522	0.0274767413203436
Sm_t00005686-RA	139.289844500676	-2.96063609001143	0.31741970821644	-7.48421105721499	7.19782041393834e-14	4.2776058671204e-13
Sm_t00016414-RA	56.4126218118376	-2.95958387886281	0.34231901428627	-6.93675717609137	4.01202551660328e-12	2.16636372951629e-11
Sm_t00001572-RA	179.98220983738	-2.95923960259783	0.233954814210946	-10.1482827382945	3.3724528928155e-24	3.10377460157572e-23
Sm_t00002148-RA	18.9282589174692	-2.95876333411935	0.629933838350711	-3.76827404657976	0.000164380184040877	0.000506051581177772
Sm_t00010184-RA	11.6504487506185	-2.95755628531279	0.754033477266329	-3.14648667047814	0.0016524479342839	0.0045363344906561
Sm_t00013397-RA	753.886597919156	-2.95591714784025	0.229622355708397	-10.3252888444849	5.41555603399317e-25	5.12279002920263e-24
Sm_t00018528-RA	5.31916522384675	-2.95476821943086	0.867423910955107	-2.73196091265405	0.00629586097750389	0.0160533372360722
Sm_t00002961-RA	22.1441697235802	-2.95410864182899	0.860214741029371	-2.7540897973848	0.00588556173883004	0.0150624807874375
Sm_t00011974-RA	43.7452100174395	-2.95220299309909	0.366201090282511	-6.46421612582549	1.0182525342946e-10	5.07997925015857e-10
Sm_t00018504-RA	36.5667595251915	-2.951294372486	0.428972813447047	-5.51618726947157	3.46433105125361e-08	1.46879171931236e-07
Sm_t00010842-RA	34.2147330035923	-2.95034332599092	0.501235522083032	-4.7190257309798	2.36976847441801e-06	8.68550126443461e-06
Sm_t00012685-RA	156.898048538446	-2.94654476714881	0.295552196201247	-7.99027988119158	1.34632750027972e-15	8.75034081141613e-15
Sm_t00014646-RA	349.568443152244	-2.94639646712819	0.175961838058742	-13.4199352153839	4.62117025906176e-41	7.41613238684497e-40
Sm_t00001362-RA	5.30932263406638	-2.94296181605552	0.963760678430653	-2.44662587800856	0.0144200433638643	0.0349344215176341
Sm_t00020358-RA	248.66393504291	-2.94244157995005	0.189491173142635	-12.4409044540325	1.56719207006238e-35	2.16829613813116e-34
Sm_t00006393-RA	18.0568774327051	-2.9410236566846	0.50850065435986	-4.63327556510334	3.59924928040283e-06	1.29691314109778e-05
Sm_t00021482-RA	172.793383505764	-2.94054857618665	0.230400018241154	-10.2237343302688	1.55242578556311e-24	1.445517536943e-23
Sm_t00000202-RA	24.4503648020735	-2.93900041265673	0.523167912772497	-4.49951221240203	6.81095671676855e-06	2.40374824126972e-05
Sm_t00002213-RA	144.146906916667	-2.93807514078994	0.207904059827523	-11.3180817283801	1.06782948148645e-29	1.19864578858499e-28
Sm_t00015424-RA	26.2918448843409	-2.9378298031496	0.514699873157259	-4.57126555854179	4.84787454564534e-06	1.73258730275392e-05
Sm_t00019920-RA	2921.50222343903	-2.93758376046124	0.102434960072424	-22.9666098253752	1.00558315579658e-116	8.63453825219556e-115
Sm_t00014434-RA	96.6121384666064	-2.93677391863769	0.271045432905089	-8.67667790388928	4.07497089769582e-18	2.96941667601999e-17
Sm_t00003804-RA	1126.00999851868	-2.93621830876983	0.175155187377615	-13.4236293196436	4.39643618579704e-41	7.0690959443057e-40
Sm_t00013194-RA	81.7980210932014	-2.93391666685799	0.313899726892526	-7.48301596217134	7.26360551322256e-14	4.31362355220183e-13
Sm_t00002918-RA	1785.23533224498	-2.93319723032885	0.17415809695364	-13.4831355613281	1.96571973613432e-41	3.18840889625371e-40
Sm_t00016908-RA	182.710901931027	-2.93313860383208	0.218845858457132	-10.7296460640677	7.3878597398363e-27	7.53163816072173e-26
Sm_t00014361-RA	371.424153818816	-2.9317766898902	0.1853220080474	-12.6632379748981	9.45188534856683e-37	1.3388563446975e-35
Sm_t00011192-RA	4744.40794867853	-2.92795652330943	0.371268346404516	-6.3106821413659	2.77808244143336e-10	1.34879910549102e-09
Sm_t00009978-RA	328.500777440194	-2.92753472982932	0.171476744394613	-13.6609470753569	1.73709709772562e-42	2.89076557981152e-41
Sm_t00014308-RA	180.364985250665	-2.92423728312823	0.188413627272493	-12.4154357462962	2.15510300009543e-35	2.96202192867901e-34
Sm_t00004535-RA	74.0334408717098	-2.92410287430516	0.257114736021989	-9.0975060803404	9.24297861839267e-20	7.18141501050304e-19
Sm_t00002564-RA	101.522229455624	-2.92359463627871	0.240677977619898	-9.71669555895991	2.55953087071382e-22	2.19889970316405e-21
Sm_t00016502-RA	6.21370751325116	-2.92294504980861	0.755861490050455	-3.09308660460073	0.00198086318785325	0.00538115117143827
Sm_t00003457-RA	63.625176425639	-2.92199561039173	0.295081127179804	-7.91984100348007	2.37814484764975e-15	1.52895163535892e-14
Sm_t00016413-RA	80.527284447895	-2.91915449347994	0.344775448755482	-6.77007165650982	1.28718627757387e-11	6.75975693941534e-11
Sm_t00000457-RA	34.8257355917689	-2.9144546763842	0.407165173848134	-5.72115403281776	1.05802920436399e-08	4.65030355838928e-08
Sm_t00013472-RA	56.1653748212885	-2.91229235315737	0.369678797663508	-6.29544449902625	3.06520221208675e-10	1.48430635025991e-09
Sm_t00014299-RA	378.335020176739	-2.91167773884409	0.177793944605657	-13.0863722271566	3.93980179448602e-39	5.99353591712768e-38
Sm_t00005962-RA	313.630135815996	-2.91133411208451	0.180199724997161	-12.9097539528496	3.96566177748358e-38	5.86157887216695e-37
Sm_t00017008-RA	728.398213580956	-2.90876611088192	0.0985074023047413	-23.5897613429409	4.90940711118578e-123	4.89706009928939e-121
Sm_t00000176-RA	1103.80803580997	-2.90871274418041	0.270332028571108	-8.5957729702353	8.27061727994709e-18	5.95127182070663e-17
Sm_t00005196-RA	48.6893499176763	-2.90865995595315	0.385877646767334	-6.0217532044664	1.72537841747695e-09	7.94838320750307e-09
Sm_t00003231-RA	158.874781617037	-2.90819683651309	0.191560740766251	-12.1277294461287	7.53086160274169e-34	9.73228026210016e-33
Sm_t00017638-RA	11.2465582252401	-2.90780433111305	0.642464241135681	-3.61546088075974	0.000299813748765164	0.000899063443191738
Sm_t00014079-RA	106.938985328975	-2.90758235961398	0.245368303146113	-9.46569842083849	2.91605726806578e-21	2.39761510224283e-20
Sm_t00013323-RA	30.0144969336648	-2.90490686275689	0.573893499799115	-4.04239961520551	5.29069652439761e-05	0.000172268222641547
Sm_t00003699-RA	77.7215457593075	-2.90283290917777	0.244905785770181	-9.46418191750201	2.9586790371489e-21	2.43026012824587e-20
Sm_t00003256-RA	179.290336463177	-2.90246966135554	0.218335384508705	-10.6142651433723	2.55799236600192e-26	2.54698367201793e-25
Sm_t00008774-RA	11.3881103728498	-2.90206949572766	0.725217481567997	-3.19499950651756	0.00139831079659331	0.00386863664667852
Sm_t00014917-RA	59.409757359654	-2.90087154133218	0.315425631563113	-7.34205248272224	2.10342875936014e-13	1.22299882280702e-12
Sm_t00017624-RA	57.7072667208111	-2.89834227562187	0.279144130725376	-8.28726819227931	1.15879147585612e-16	7.89494822282671e-16
Sm_t00012089-RA	1335.13189340283	-2.89823409946759	0.233030157900895	-9.92675849471547	3.18439402024822e-23	2.83514888237814e-22
Sm_t00021506-RA	306.168101037204	-2.8976958757736	0.1506309759448	-15.35338838023	3.36159942737832e-53	7.5877402793046e-52
Sm_t00009513-RA	13.8696927532497	-2.89587596327835	0.573709088177234	-4.02795774182414	5.6263452976321e-05	0.00018280409590005
Sm_t00014992-RA	109.646512092211	-2.89455038605421	0.322894109226002	-7.15265568514194	8.51149106423947e-13	4.77871311587803e-12
Sm_t00003835-RA	8.87729237833216	-2.89287868842692	0.73893745753159	-3.12323954470566	0.00178872101736197	0.00489108908522911
Sm_t00012112-RA	1254.18226672024	-2.88913976149315	0.347031937474045	-6.6395611258848	3.14618510750525e-11	1.60912347316004e-10
Sm_t00006441-RA	56.3586456342871	-2.88774196400646	0.314909803917842	-7.31238575413559	2.62440390651997e-13	1.51690910044447e-12
Sm_t00005614-RA	96.8020447240834	-2.88735746968806	0.305549121749414	-7.53514674336477	4.8778596971559e-14	2.92706724910745e-13
Sm_t00012747-RA	83.5476834313378	-2.88704412201973	0.273339742664337	-8.42191515796756	3.70379250354091e-17	2.5750323674451e-16
Sm_t00009556-RA	357.574316175537	-2.88193999839564	0.194085287741206	-11.8346940416132	2.58283613769968e-32	3.17058838480481e-31
Sm_t00002762-RA	245.803819874437	-2.88175762392517	0.174776369834287	-13.141122144274	1.91367607314592e-39	2.94349178453045e-38
Sm_t00007553-RA	253.28239175588	-2.88097402521697	0.202525911690235	-11.33669270295	8.63463207688705e-30	9.73177950857811e-29
Sm_t00002205-RA	428.702805725581	-2.87938877528992	0.14727810234834	-15.578614462748	1.01736042248861e-54	2.37688498146076e-53
Sm_t00004387-RA	130.696253574907	-2.87603417830413	0.274452644314123	-8.3476484040793	6.96355055261147e-17	4.78543007860569e-16
Sm_t00002951-RA	65.8352331684223	-2.87556884344298	0.272177195950908	-8.41572651022579	3.90467320786041e-17	2.71242895315007e-16
Sm_t00003209-RA	979.248294983763	-2.87039902708512	0.120293763912056	-18.9984829866652	1.75545391275824e-80	7.71565996800177e-79
Sm_t00006547-RA	504.675294971503	-2.86495515078657	0.13755890130068	-16.5743919821152	1.06737037534183e-61	3.01360266312613e-60
Sm_t00008989-RA	44.5959195554994	-2.86433020735939	0.392131535576009	-5.81266743571449	6.14851344789092e-09	2.7436897137682e-08
Sm_t00004285-RA	35.1939511051881	-2.86318801217109	0.394090476490959	-5.78087558079662	7.43128360692331e-09	3.30199061819436e-08
Sm_t00004653-RA	67.0836998096969	-2.86116639211046	0.365710132112406	-6.22396316712071	4.84750928337127e-10	2.31374812728936e-09
Sm_t00000234-RA	375.356432897385	-2.8559007016176	0.253964162800055	-8.9418155561006	3.82828162663874e-19	2.89870524257037e-18
Sm_t00003949-RA	494.580850139437	-2.85395500610772	0.149723262054943	-15.1543252195179	7.0940265473093e-52	1.53670083517657e-50
Sm_t00000306-RA	77.9818215611715	-2.85223626761854	0.362921380023636	-6.24718297795209	4.17921374787992e-10	2.00395344306804e-09
Sm_t00021498-RA	317.15287014619	-2.85223376903259	0.148607547382373	-15.2565183193483	1.48988654917378e-52	3.304731043427e-51
Sm_t00012717-RA	51.3121553885809	-2.85121271862114	0.366021096925119	-6.19148114045668	5.96014703316359e-10	2.82538785652929e-09
Sm_t00003773-RA	70.273881100053	-2.84938483443062	0.28555367690378	-7.92980450815076	2.19491127501126e-15	1.41332941705209e-14
Sm_t00001023-RA	206.68986785569	-2.84893514693611	0.176268957816056	-12.8436406216154	9.33777785221204e-38	1.36806247548064e-36
Sm_t00007194-RA	113.611816694344	-2.84600983496276	0.233819605417878	-9.66988987481152	4.048134497455e-22	3.43349411703694e-21
Sm_t00005131-RA	19.4418062394477	-2.84067150080056	0.534284762221171	-4.22185257805801	2.42302572311572e-05	8.14586528671275e-05
Sm_t00014272-RA	190.44486564169	-2.84020000209626	0.325946754886281	-6.9189214750215	4.55095020958721e-12	2.44942580262694e-11
Sm_t00012267-RA	268.514478974496	-2.83833532698384	0.213696981196457	-10.544535137407	5.38384416969405e-26	5.29734649608762e-25
Sm_t00005617-RA	91.6523893421863	-2.83656853359935	0.218021542530434	-10.3272754951958	5.30458693460482e-25	5.02352525052002e-24
Sm_mito_g00001	4.14622530749767	-2.83652877278129	0.968268280551712	-2.32531501651421	0.0200551219181206	0.047542083522421
Sm_t00003351-RA	108.449987106715	-2.83524978975383	0.232564400237134	-9.67581361317282	3.82040618025423e-22	3.24666451599756e-21
Sm_plastid_g00138	24.6865331905516	-2.83322897636255	0.508213561663366	-4.42378784423652	9.69852646013743e-06	3.38412345565499e-05
Sm_t00003992-RA	206.21030186279	-2.83248866744142	0.27686869872973	-8.1175253026177	4.75785631235352e-16	3.15511028866182e-15
Sm_t00012339-RA	5.59329119221017	-2.83199548496387	0.954356048901707	-2.3544624540807	0.0185495175295106	0.0442246834129938
Sm_t00002155-RA	1322.0357144393	-2.83080540937466	0.104030116635962	-21.5880312547714	2.32717040405254e-103	1.53225314587775e-101
Sm_t00010423-RA	99.4931098873107	-2.82969916043064	0.264300036091591	-8.49299604201626	2.01377160360801e-17	1.41961097642413e-16
Sm_t00007924-RA	41.0137564429947	-2.82894741857463	0.394436237033853	-5.68899915344755	1.27786102380799e-08	5.57971400644652e-08
Sm_t00004957-RA	15.2846454747246	-2.82771313024399	0.587672140437333	-3.81626586650001	0.000135486515834549	0.000421463002945268
Sm_t00010280-RA	425.554281305851	-2.82583837918233	0.308444096479636	-7.26497412256444	3.73109691726156e-13	2.1350948968651e-12
Sm_t00006848-RA	23.1178560912577	-2.82292272625632	0.610797888013474	-3.66393330784888	0.000248371481556812	0.000749931509837478
Sm_t00000091-RA	831.180518547336	-2.82225205664677	0.153353425541358	-14.5888626142454	3.30664471293876e-48	6.44234943019109e-47
Sm_t00004842-RA	71.604269537051	-2.82118582545655	0.268237381484397	-8.33659280851064	7.64618063107977e-17	5.24372486424564e-16
Sm_t00019135-RA	69.9305141993457	-2.81797080546131	0.298371308181568	-7.48386572110507	7.21676935051946e-14	4.28733751215953e-13
Sm_t00017014-RA	67.1004834982717	-2.81777234540912	0.382687417413397	-5.83445455432147	5.39668141578067e-09	2.41856117901734e-08
Sm_t00000236-RA	409.059587460854	-2.81471727501093	0.208435855156107	-10.6973786891943	1.04698165984307e-26	1.0602200905572e-25
Sm_t00011873-RA	380.642467809038	-2.8145716456094	0.182052604980158	-12.2468538467352	1.74640342898378e-34	2.31990337480158e-33
Sm_t00008159-RA	41.4956305124894	-2.81152954808415	0.363543614757588	-6.12451837331489	9.09583180456102e-10	4.2741429111531e-09
Sm_t00013884-RA	84.7248455280238	-2.80662636501597	0.232975738950742	-9.53587002243908	1.48633976015404e-21	1.23365459514928e-20
Sm_t00005550-RA	35.9364696110747	-2.80559881545665	0.341303729544862	-6.50622487605946	7.70628407990405e-11	3.86195187133098e-10
Sm_t00018408-RA	38.1789633301976	-2.80540930835961	0.404309935655108	-5.49184947622388	3.97746327180648e-08	1.67950781195823e-07
Sm_t00004108-RA	52.7756913388308	-2.80318402491544	0.325067473378084	-6.82376493059793	8.86849571548966e-12	4.70932105924854e-11
Sm_t00013080-RA	18.4216549816896	-2.80236904318312	0.516606662155198	-4.29218050331101	1.7692702577808e-05	6.02340158473588e-05
Sm_t00010522-RA	961.816769547454	-2.80115755694639	0.150596707710699	-14.7158433317394	5.10063693690905e-49	1.01391897488104e-47
Sm_t00006377-RA	246.748936456885	-2.80096150181518	0.162884329896686	-13.6045100423148	3.76482946604028e-42	6.19097031049349e-41
Sm_t00005342-RA	8.55799342687098	-2.79640478997921	0.8577470903967	-2.57815481362514	0.00993294852788204	0.024633475744746
Sm_t00001050-RA	237.993245888683	-2.79634586395916	0.156255775627557	-14.152090411237	1.81287114426328e-45	3.32585985915614e-44
Sm_t00007748-RA	28.6165482143451	-2.79570907246662	0.372114940612431	-5.94093069423175	2.83408421588949e-09	1.28989548820457e-08
Sm_t00002581-RA	1725.66536131335	-2.79315150371456	0.452267936628662	-4.88239674953473	1.04804118900866e-06	3.98317821731833e-06
Sm_t00008550-RA	309.987825766881	-2.79252565165277	0.588046904927059	-3.75399586862309	0.000174037732773871	0.000534597188373068
Sm_t00011396-RA	242.960398789619	-2.79155390568672	0.227932450258667	-9.68073612678945	3.64084942896687e-22	3.10226443927008e-21
Sm_t00018862-RA	71.3495151199647	-2.78884314229962	0.281483540953789	-7.82938545831859	4.90260409156044e-15	3.10523113905756e-14
Sm_t00007942-RA	43.8779625947677	-2.78621554438751	0.393617729036068	-5.5922672735755	2.24123456735995e-08	9.63470591563406e-08
Sm_t00004813-RA	62.7561592173403	-2.78612725189746	0.293730873172218	-7.49368708888464	6.69652651430889e-14	3.98965445906143e-13
Sm_t00008825-RA	336.622234019263	-2.78571076485019	0.475655151190247	-4.62669385445165	3.71549097237555e-06	1.33706305072007e-05
Sm_t00016926-RA	214.438616267785	-2.78559626260149	0.242263935420851	-9.08346617410759	1.05171044802789e-19	8.1561418264658e-19
Sm_t00000172-RA	15.3455400172182	-2.78472396666079	0.533075177737392	-4.12647982597387	3.68358301494877e-05	0.000121627603296366
Sm_t00005145-RA	462.624532382991	-2.7835090031937	0.244120588627588	-9.00583197653837	2.14036704532444e-19	1.63927513751791e-18
Sm_t00000314-RA	24.3317749897076	-2.78078579394626	0.435948548880754	-5.03680032789117	4.7337812849854e-07	1.85804261652419e-06
Sm_t00004893-RA	48.3512350321594	-2.78077242191186	0.326557496023847	-6.72399944465373	1.76803105682563e-11	9.17789384375235e-11
Sm_t00013145-RA	83.6321966822153	-2.77963862270564	0.24520682625198	-8.95015304529236	3.54989834684167e-19	2.69158883303089e-18
Sm_t00013925-RA	600.179935664969	-2.77907718321739	0.159761774193168	-13.7334302545021	6.40287957817041e-43	1.07845468162955e-41
Sm_t00002278-RA	640.12092748941	-2.77765379436851	0.148460502541615	-14.7692736911886	2.31190902198096e-49	4.65118121837667e-48
Sm_t00018681-RA	31.4141479507175	-2.77565874783479	0.432942490436183	-5.05993012057499	4.19410157228866e-07	1.65127260674036e-06
Sm_t00006493-RA	51.7462508000246	-2.77225494269882	0.37125870712201	-5.891457629787	3.82803817756759e-09	1.72717930557749e-08
Sm_t00005638-RA	104.910770270076	-2.771100670312	0.32685835658376	-6.68822022224112	2.25901020756366e-11	1.16395273855847e-10
Sm_t00006813-RA	279.587366522826	-2.76775715270239	0.150575995824437	-14.4960499231721	1.28325091150069e-47	2.47698652187467e-46
Sm_t00000288-RA	198.11426003253	-2.76460107872917	0.191702610860147	-11.3696994993942	5.91910143657361e-30	6.71664793804109e-29
Sm_t00002528-RA	43.2779517770368	-2.76414311725372	0.388568221278248	-5.60813519460014	2.04518245552937e-08	8.80554389873567e-08
Sm_t00000167-RA	206.17079111724	-2.76096742659475	0.205992087855091	-10.563354395075	4.40628866036887e-26	4.3431926925695e-25
Sm_t00003275-RA	320.795394593015	-2.75852489791347	0.147508511087962	-14.734911781581	3.84699389793463e-49	7.70231061920614e-48
Sm_t00018652-RA	9.46801617257846	-2.75728311756002	0.755120809308841	-2.87673586899069	0.004018117728976	0.0105291497765113
Sm_t00010251-RA	134.60322975616	-2.75644054992614	0.216195841293274	-10.0438590166058	9.77725799361383e-24	8.88056508493016e-23
Sm_t00007437-RA	352.750017485416	-2.75402402750963	0.197797159025321	-10.9659008157542	5.57426580624389e-28	5.8806915643072e-27
Sm_t00002040-RA	19.9421561567674	-2.75334561514791	0.500401504762365	-4.33321162009222	1.46949731680132e-05	5.03991894240816e-05
Sm_t00001869-RA	171.034180359814	-2.75228123470256	0.191774240539949	-11.3012114067065	1.29420247494893e-29	1.44884575454968e-28
Sm_t00008190-RA	630.697672784829	-2.74633590493879	0.125715226624334	-17.1923160222854	3.03175621418937e-66	9.58311100872229e-65
Sm_t00012472-RA	410.62020333223	-2.7448162215287	0.141173981704753	-15.2989679503811	7.76786454972577e-53	1.73454541111705e-51
Sm_t00011684-RA	36.2896775664469	-2.7446245260497	0.372414307327339	-5.79898377575344	6.67179862204669e-09	2.97242100684819e-08
Sm_t00004534-RA	87.1221755572678	-2.74169629004825	0.294340647886624	-7.32721187349897	2.349901649071e-13	1.36345042390194e-12
Sm_t00009032-RA	51.1801927964711	-2.74167135082365	0.476833803305188	-4.52289945862608	6.0998219473667e-06	2.16331347667095e-05
Sm_t00014443-RA	36.1080668297367	-2.74099515254658	0.41286539375557	-5.22202922588131	1.76973029469677e-07	7.14497509671806e-07
Sm_t00008663-RA	41.1168273313356	-2.73836034902093	0.358126590693351	-6.01284686750548	1.82293221812284e-09	8.38387766137223e-09
Sm_t00017667-RA	224.735484691594	-2.73828874540828	0.183137787312807	-11.7577523295636	6.4426614707958e-32	7.83371202777493e-31
Sm_t00015444-RA	173.000517633993	-2.73823053989455	0.276230666250164	-7.79504523927301	6.43854074372488e-15	4.05801028032422e-14
Sm_t00012323-RA	18.9708984396012	-2.73807188881336	0.585079901819189	-3.67996214212591	0.000233268581976133	0.000707149779537475
Sm_t00007574-RA	140.907682132998	-2.73802501586078	0.220646370278528	-9.75780844771188	1.708062858828e-22	1.47653923727851e-21
Sm_t00014041-RA	1374.91614801345	-2.73528041826005	0.375157456895942	-5.73167447090482	9.94439870057792e-09	4.38353515623781e-08
Sm_t00018725-RA	16.2236748146673	-2.73506291550493	0.557790434702363	-3.85460700245282	0.000115915678591038	0.000363433723690855
Sm_t00003433-RA	396.687672869132	-2.73289131280791	0.192291888546972	-11.1699527683573	5.72112941275199e-29	6.24525385043399e-28
Sm_t00017028-RA	59.3942631036893	-2.72990623373046	0.439839492737463	-4.87656581354493	1.07948682660256e-06	4.09521556764872e-06
Sm_t00012118-RA	489.992544663825	-2.72774187471804	0.230301978401783	-9.30405326774844	1.35191327902741e-20	1.08322132765938e-19
Sm_t00008988-RA	906.107873732252	-2.72570945994212	0.181081535755233	-11.8217986776725	3.01166408240461e-32	3.68342880210691e-31
Sm_t00010526-RA	41.9827598243853	-2.72383969761606	0.458823620155761	-4.66157277798813	3.13802061998938e-06	1.13587891107742e-05
Sm_t00017057-RA	22.0759024447588	-2.7236194647366	0.498071518136089	-4.29379996017412	1.7564073953844e-05	5.98120789229484e-05
Sm_t00000337-RA	246.075678144797	-2.7229147427862	0.206268038813971	-10.3647407280308	3.58729980089261e-25	3.41469943332966e-24
Sm_t00010381-RA	109.712082814978	-2.71870764110369	0.271184904631293	-7.8680914927942	3.60092202731256e-15	2.29560501840691e-14
Sm_t00011504-RA	919.584191165496	-2.71769900500714	0.138732850874111	-15.3727036644146	2.49534865112157e-53	5.65544460277322e-52
Sm_t00010067-RA	132.509689756804	-2.71706299548432	0.2331903392521	-9.14301596851043	6.07344200462966e-20	4.75206185594743e-19
Sm_t00008444-RA	24.3991965755171	-2.71561682541839	0.452464035090228	-4.7089197376616	2.49033102213092e-06	9.10534112525393e-06
Sm_t00009876-RA	457.647845396995	-2.71292266571668	0.15890194871638	-13.3914195697798	6.78709906860165e-41	1.08294536671232e-39
Sm_t00000392-RA	703.364261137757	-2.7126126035435	0.13439274984139	-15.8313049331494	1.89255109100518e-56	4.6636266381604e-55
Sm_t00001649-RA	94.5281359590035	-2.71128289002472	0.280205826437252	-7.58828935522105	3.24156400999027e-14	1.96071072180167e-13
Sm_t00012040-RA	98.2722177150828	-2.70746235816302	0.229554685371299	-9.24599885526182	2.33053659741667e-20	1.85308251263804e-19
Sm_t00004951-RA	72.7047798082026	-2.70656141268647	0.298043583348459	-7.1182925290696	1.09272262800817e-12	6.10414940890683e-12
Sm_t00003222-RA	131.712556739103	-2.70618656428036	0.24711312048268	-8.58386863529179	9.17347227492551e-18	6.5838733802546e-17
Sm_t00011984-RA	189.736512810673	-2.70586912639184	0.190366056831343	-11.1410046606725	7.92205848772245e-29	8.62520590120788e-28
Sm_t00000504-RA	119.130699707101	-2.70500330144262	0.221306677381532	-9.57948185986153	9.7532996856401e-22	8.14388301570891e-21
Sm_t00012202-RA	136.319626144084	-2.70488263768483	0.258868243372377	-8.18904091930435	2.63316012096724e-16	1.76796377650433e-15
Sm_t00005930-RA	383.324444234062	-2.70411271904571	0.145169263746871	-14.5975302508991	2.91204903736126e-48	5.6868596558457e-47
Sm_t00010985-RA	51.7415743744807	-2.70376008331662	0.328754400314778	-6.44481132811588	1.15744310991869e-10	5.75886718190727e-10
Sm_t00009825-RA	26.5894233779252	-2.70288861411047	0.441886587409104	-4.79283299031138	1.64442512567717e-06	6.12404063123861e-06
Sm_t00003786-RA	3678.24953543464	-2.70219571234851	0.0863913615018937	-24.5070302810553	1.24303523053049e-132	1.54525976643111e-130
Sm_t00014300-RA	123.190090405891	-2.70160537970811	0.310595475349426	-6.81466907181082	9.44809999361376e-12	5.00752305738524e-11
Sm_t00008817-RA	157.982923349939	-2.70036976740234	0.283318810313416	-7.46639365406856	8.24225274136511e-14	4.87742259913535e-13
Sm_t00006279-RA	41.553387078667	-2.69733450264729	0.382634662809283	-5.52049959911799	3.38037165015291e-08	1.43502117605115e-07
Sm_t00011942-RA	68.1631813314918	-2.6955649725774	0.316041504508437	-6.6781259501347	2.42017009154804e-11	1.24429609212986e-10
Sm_t00006623-RA	5.69405340026191	-2.69544523994956	0.879504177680421	-2.39958523621296	0.0164136579781367	0.0394259141456095
Sm_t00009679-RA	52.3277468316417	-2.69498177994781	0.311256264497358	-6.77892148887407	1.21076296574886e-11	6.37247692999827e-11
Sm_t00003502-RA	144.255168079331	-2.69327803500002	0.294507769235857	-7.15864997541574	8.14754208234427e-13	4.58209844725492e-12
Sm_t00007764-RA	64.4499674791213	-2.69323463319087	0.348211724655781	-6.05446193770451	1.40887781127265e-09	6.53371007243314e-09
Sm_t00015412-RA	887.088658339572	-2.69306349189452	0.183620237117375	-11.4805618650137	1.65203435157683e-30	1.90710937134906e-29
Sm_t00006276-RA	25.5765543582878	-2.69082072600299	0.504402830733731	-4.17487888190427	2.98144633141777e-05	9.90327676744909e-05
Sm_t00006610-RA	19.2754971628637	-2.68639304562146	0.636194720272781	-3.30306583607051	0.000956339323877555	0.00270240889858394
Sm_t00008279-RA	141.380905937359	-2.68214603530372	0.277347600558093	-7.56143565361205	3.9864461451529e-14	2.40254051685807e-13
Sm_t00013438-RA	88.7922972322964	-2.68051863555111	0.325703664102457	-6.43381965421156	1.24436495130598e-10	6.17290987458457e-10
Sm_t00010568-RA	91.1264887140285	-2.68038697005897	0.247595319146029	-8.46295066193528	2.60696021719493e-17	1.82618769125455e-16
Sm_t00000149-RA	290.107753289618	-2.67864646710453	0.200598858399097	-10.4369809669563	1.68071000197993e-25	1.62585756172948e-24
Sm_t00017685-RA	15.6085044896894	-2.67763399712627	0.706624985286422	-2.9614491996459	0.00306195000716283	0.00814271443475709
Sm_t00003498-RA	98.5080215534496	-2.67736393292246	0.247537836421477	-8.45270348634637	2.84633884575974e-17	1.9905252935628e-16
Sm_t00012915-RA	21.0876792965936	-2.67709702833734	0.603445200190577	-3.46692131725734	0.000526455971137993	0.00153477486300607
Sm_t00021484-RA	95.1644409438887	-2.67412747337885	0.273694445726374	-7.63306492331032	2.29237364599838e-14	1.39672129462476e-13
Sm_t00009066-RA	1052.6013987435	-2.67283887374503	0.199816469592375	-10.4487827154799	1.48417901908299e-25	1.43824631180247e-24
Sm_t00021688-RA	48.7983077308204	-2.67268036736259	0.327616707200515	-6.37232571318423	1.8618294703972e-10	9.12992502734078e-10
Sm_t00005228-RA	26.1035333211368	-2.67248426161172	0.439692860346622	-4.74759644713381	2.05848237675025e-06	7.59136582508427e-06
Sm_t00014749-RA	21.9483087931875	-2.67203132561333	0.66295461183759	-3.14807573301053	0.00164349107515441	0.00451396796217027
Sm_t00014449-RA	572.493909317274	-2.67079497183784	0.18144867300945	-11.495234091512	1.39402590901229e-30	1.6126169161338e-29
Sm_t00003681-RA	322.856613705637	-2.67013896252669	0.20829743288587	-10.0103920323837	1.37207743817694e-23	1.23613120417261e-22
Sm_t00021538-RA	51.1312488409808	-2.66939579975513	0.279962170112377	-7.44527662047502	9.67414944563335e-14	5.7044949191278e-13
Sm_t00003958-RA	1973.53955810283	-2.66833578167928	0.217893534797172	-9.56125560870163	1.16336593693844e-21	9.67999489386638e-21
Sm_t00009355-RA	19.8733915241289	-2.6651131805458	0.542814466734614	-3.83208869332287	0.000127059912668339	0.000396434543028505
Sm_t00006934-RA	12.7082091387144	-2.66507258016758	0.628417346695546	-3.31001776304455	0.000932900507293192	0.00263975822158824
Sm_t00004873-RA	23.3787036103247	-2.6634368499922	0.595619414221981	-3.48953845419415	0.000483855437736803	0.00141678043273329
Sm_t00000254-RA	363.985230663671	-2.66226321126632	0.308798740612488	-6.72691607208683	1.73296627435645e-11	9.00428951909848e-11
Sm_t00002212-RA	146.527932213826	-2.66102285536694	0.229864452915391	-9.03150891334679	1.69320717407183e-19	1.30158952956569e-18
Sm_t00001562-RA	52.223256055825	-2.65982701242603	0.331640693990836	-6.25624976072254	3.94345035487662e-10	1.89417520217805e-09
Sm_t00012006-RA	191.89440519221	-2.65906701523204	0.192251860947129	-10.7882805659937	3.91037045905476e-27	4.00855083734979e-26
Sm_t00006247-RA	747.46295371408	-2.65596247669065	0.2908859008464	-7.1195010506343	1.08318461866556e-12	6.05492932138623e-12
Sm_t00014484-RA	40.0848456171483	-2.65585902921095	0.412867649822617	-5.01579387510904	5.28149282246664e-07	2.06329989297958e-06
Sm_t00000093-RA	267.800443449861	-2.6552574371604	0.178210661909217	-11.6169112160922	3.38141419525419e-31	3.99203385290888e-30
Sm_t00010250-RA	28.1135282255413	-2.65273077588325	0.419756896903857	-4.92601977748291	8.39215071582434e-07	3.21963258001386e-06
Sm_t00003972-RA	607.78177580987	-2.65223723961641	0.130934589298787	-15.7883203413811	3.74417601141364e-56	9.19918643040243e-55
Sm_t00000383-RA	313.967282601641	-2.65181278089623	0.226015068513643	-9.14457958262846	5.98622494703014e-20	4.68822450247429e-19
Sm_t00001474-RA	395.017755426161	-2.65134078628899	0.180853517485395	-11.4254940408104	3.11876874019193e-30	3.57552991563091e-29
Sm_t00004033-RA	82.2692771265745	-2.6508918667285	0.267117737682328	-7.73401229230751	1.04208965335505e-14	6.48212451291578e-14
Sm_t00008933-RA	75.4171155689542	-2.65011288849256	0.244515325230015	-8.44574010463316	3.02125175626727e-17	2.10842110414328e-16
Sm_t00001556-RA	80.1401313817377	-2.64822034959576	0.346932674073831	-5.94703383042176	2.73044995623959e-09	1.24442778032939e-08
Sm_t00014858-RA	74.0951849200552	-2.64660421614051	0.280072937916477	-7.36095472656955	1.82599493887282e-13	1.0657821896196e-12
Sm_t00013463-RA	275.953295498127	-2.64413129260749	0.310366646055474	-6.63451217705733	3.25577473258051e-11	1.66466223128686e-10
Sm_t00000012-RA	18.8247395565337	-2.64359629748064	0.535639623115006	-3.84324872291727	0.000121416306707837	0.000379679526401192
Sm_t00004016-RA	37.4106098756782	-2.64237494491074	0.383267157519351	-5.36799176383084	7.96181884897546e-08	3.29592391615888e-07
Sm_t00004611-RA	7.397899734513	-2.64092118342596	0.787002301882532	-2.61234456177337	0.00899235733804127	0.0224478777966569
Sm_t00009912-RA	58.0436155478088	-2.64008219091813	0.367190347266353	-5.59677618493443	2.18374323999437e-08	9.38998319355351e-08
Sm_t00000707-RA	233.824425648296	-2.63890287463828	0.207401320438848	-9.90303663589198	4.03823610296527e-23	3.5819455273267e-22
Sm_t00011910-RA	229.599369750607	-2.63777082832598	0.213196551668907	-9.62853672940231	6.05860552039396e-22	5.10491910767439e-21
Sm_t00004079-RA	157.109576029927	-2.63668545980618	0.200493081513176	-10.2331982945324	1.40791309093223e-24	1.31315880564104e-23
Sm_t00012356-RA	201.899760140079	-2.63565653904738	0.190592903393579	-10.759354113058	5.35441222560715e-27	5.47201219964196e-26
Sm_t00002715-RA	167.038845150148	-2.63526644912584	0.249600445604718	-8.21419386555406	2.13594267319517e-16	1.44109084852512e-15
Sm_t00010097-RA	39.9358374000067	-2.63478437996643	0.355340065895437	-5.76851466158506	7.99732564908591e-09	3.54495611129519e-08
Sm_t00008665-RA	10.1743847043593	-2.63365605067743	0.64964670073841	-3.15349258042695	0.00161329329464701	0.00443469302016996
Sm_t00001491-RA	763.547598724243	-2.63356216210216	0.146051820452863	-14.0262692772345	1.07668400443504e-44	1.91822482843624e-43
Sm_t00010870-RA	256.30561706157	-2.63180778704588	0.213675455394525	-9.57904960710954	9.79420134427588e-22	8.17393817599938e-21
Sm_t00002921-RA	15.1287632828575	-2.63114766984214	0.753822987310181	-2.71436093656852	0.00664037733116489	0.0168826931597291
Sm_t00001460-RA	35.9070670584527	-2.62982415620431	0.405774626172583	-5.03931006108452	4.67213043135004e-07	1.83470883369705e-06
Sm_t00005705-RA	252.627682125179	-2.62908451294431	0.151341950710501	-13.506397290031	1.43367565189887e-41	2.32996770822745e-40
Sm_t00022516-RA	218.862173827556	-2.62640446785056	0.19817452916817	-10.301043612513	6.97009816079668e-25	6.56718864041579e-24
Sm_t00002347-RA	117.097322554638	-2.62295601876476	0.240203688677393	-8.48428277678053	2.17053334626144e-17	1.52624501823651e-16
Sm_t00012930-RA	127.259612094764	-2.62279862974506	0.235211942748806	-8.66366990523661	4.5681487580443e-18	3.31718491767663e-17
Sm_t00011140-RA	70.2028284812206	-2.61558734296826	0.254009860486104	-7.99412801960633	1.30494114074127e-15	8.484664138356e-15
Sm_t00005132-RA	93.571530329715	-2.61556275459926	0.262632661274202	-7.73156980836914	1.06228397340455e-14	6.60527302313291e-14
Sm_t00013336-RA	19.1271187473463	-2.61404153359325	0.503395804404874	-4.03070807471672	5.56090756604881e-05	0.000180748484361446
Sm_t00005865-RA	46.7185922832249	-2.61403603830962	0.319647993714859	-6.34772023665386	2.18529011172076e-10	1.06846382979291e-09
Sm_t00006263-RA	311.979271905954	-2.61138445350025	0.289008030000158	-7.01151609351181	2.35749367950209e-12	1.29223855587844e-11
Sm_t00017267-RA	698.936724659256	-2.60952907194413	0.163459097777604	-12.3855392539767	3.12974060629969e-35	4.28391282002795e-34
Sm_plastid_g00176	791.888218597455	-2.60922472680175	0.199507485283438	-10.14610917443	3.44838550132665e-24	3.17015483891277e-23
Sm_plastid_g00049	791.598412646091	-2.60825430441489	0.198634386036566	-10.1858210191383	2.29415078371095e-24	2.12428925820217e-23
Sm_t00003132-RA	266.994020541462	-2.60045606929054	0.535470945371346	-3.7638943563835	0.000167287578621668	0.000514906963170685
Sm_t00013396-RA	145.454404183256	-2.59969983078127	0.241020065342031	-8.35905437135376	6.32229696978108e-17	4.35373389510596e-16
Sm_t00008521-RA	92.8317392140345	-2.59827684908598	0.278801588679286	-7.2211814094141	5.15378448857824e-13	2.92809488440438e-12
Sm_t00011438-RA	290.041346340295	-2.59473501536466	0.213855507176539	-9.39763039960254	5.58056684958454e-21	4.54245734418456e-20
Sm_t00019152-RA	9.54905818252038	-2.59361237547191	0.821105299765281	-2.44622994888242	0.0144358897129614	0.0349677258744382
Sm_t00001242-RA	578.253183698208	-2.59268737219012	0.171052420851696	-11.7372637124546	8.20998910803082e-32	9.94632716811472e-31
Sm_t00007173-RA	275.384072275459	-2.59260056598514	0.175869857721124	-11.4152623536467	3.5084372196774e-30	4.01673863954544e-29
Sm_t00016940-RA	37.425599821167	-2.58976485628086	0.398310203479896	-5.03317474361925	4.8242300308833e-07	1.89131616508482e-06
Sm_t00008078-RA	2802.92843688287	-2.5886328354167	0.0954479923140733	-20.9918803616498	7.78061117972047e-98	4.57983819900295e-96
Sm_t00012853-RA	581.55576561355	-2.5874901834264	0.126173308897921	-15.8709492595338	1.00706174419832e-56	2.50382604997844e-55
Sm_t00007489-RA	143.253979083822	-2.58507063890164	0.244103137224922	-8.19354745555248	2.53637389636702e-16	1.70435322168946e-15
Sm_t00020193-RA	166.66199300135	-2.58492034595019	0.170080901270507	-11.7586415112499	6.37517784129704e-32	7.75732012274113e-31
Sm_t00012182-RA	929.496367408656	-2.58429982404497	0.156080534045098	-12.8094117327104	1.45231387323869e-37	2.11474165213375e-36
Sm_t00002814-RA	456.928469277541	-2.58380775546181	0.49442870174411	-4.042661254112	5.28479436635976e-05	0.000172109686324185
Sm_t00014266-RA	39.4214113923382	-2.58360837031073	0.448555748113148	-4.45565212065142	8.3638564173616e-06	2.93007613460378e-05
Sm_t00000554-RA	510.316569438777	-2.58301604022947	0.140158128054923	-14.2554418210161	4.1466954345549e-46	7.75259849032722e-45
Sm_t00014078-RA	190.27066394487	-2.5827188636325	0.163977318407976	-12.1828975069721	3.83414029134155e-34	5.01327385974628e-33
Sm_t00017231-RA	13.1180399494634	-2.58126239208538	0.684458973043667	-2.91655522201478	0.00353920066243472	0.0093314347316932
Sm_t00005485-RA	420.763889731504	-2.57718709739163	0.192996624901649	-10.3223934532889	5.58141619807654e-25	5.27668734549143e-24
Sm_t00001013-RA	35.7024643333379	-2.57674244998743	0.32696751380648	-6.09156067769556	1.11815187988832e-09	5.22473324408965e-09
Sm_t00008619-RA	179.30952163336	-2.57389287693355	0.193764746106337	-10.264472340299	1.01876389593121e-24	9.55550055091336e-24
Sm_t00006836-RA	45.8228424979414	-2.57379647528764	0.334057440797713	-5.95345659877681	2.62537501765815e-09	1.19719400613604e-08
Sm_t00017881-RA	83.9160046560352	-2.57312860550212	0.305412175818666	-6.5096573185823	7.53224351197240e-11	3.78269859579247e-10
Sm_t00002223-RA	1477.22075652311	-2.57117404650881	0.132127735316696	-15.0322265173785	4.51568792570593e-51	9.4977688720214e-50
Sm_t00010343-RA	12.0470806109173	-2.57080139747198	0.620672801661105	-3.19943356976073	0.00137697916420672	0.00381341960388287
Sm_t00005297-RA	246.980707324099	-2.57010263246003	0.510050504742715	-3.89197268506062	9.94324416990611e-05	0.000314058705692636
Sm_t00001280-RA	419.767967283992	-2.56034086375859	0.189109859967806	-10.445467328329	1.53696519268098e-25	1.48853291742325e-24
Sm_t00000576-RA	115.035137166822	-2.55991270691963	0.356558026565744	-5.53882554809205	3.04506778632898e-08	1.29631329375589e-07
Sm_t00004961-RA	247.014631109211	-2.55938728069511	0.21700047189059	-9.09853911142914	9.15549917343922e-20	7.12008894636557e-19
Sm_t00010546-RA	58.316678444554	-2.55727580006683	0.385137354554101	-5.12096730360073	3.03972353569755e-07	1.20877810116137e-06
Sm_t00005559-RA	158.049299545448	-2.55522433663388	0.219063718039466	-8.99384140042269	2.38736879036244e-19	1.82425639036044e-18
Sm_t00002471-RA	159.864275962944	-2.55395474477156	0.181594379981121	-10.8425973588844	2.16242960698776e-27	2.22493838129722e-26
Sm_t00010283-RA	146.77216895855	-2.55354830638748	0.176562840559191	-11.1492786372994	7.21892142918667e-29	7.86994719681881e-28
Sm_t00016640-RA	38.0054244585237	-2.55193356330729	0.357563307927013	-5.50093793099371	3.77776193189344e-08	1.59761254789238e-07
Sm_t00012081-RA	671.227080110573	-2.55050668486891	0.119104844568728	-16.5023235787419	3.53042207548008e-61	9.88399511484826e-60
Sm_t00010267-RA	52.2207546570544	-2.54977517650673	0.330526477001747	-5.94438059646383	2.77504160899922e-09	1.26371359001392e-08
Sm_t00018454-RA	367.531697986919	-2.54937885772596	0.129478941487857	-15.1714157928159	5.46844016401974e-52	1.19076178107504e-50
Sm_t00013918-RA	29.6846421215419	-2.54920962703567	0.374934038152963	-5.2388138369937	1.61611960199434e-07	6.55338859056032e-07
Sm_t00006328-RA	77.5453576065053	-2.54885094064234	0.27115226965063	-7.24261295386791	4.40121609692184e-13	2.50822640241273e-12
Sm_t00004466-RA	41.3873612254894	-2.54796327480839	0.394819625468946	-4.97179762145028	6.63349319313238e-07	2.57098021431362e-06
Sm_t00003904-RA	105.327111317049	-2.54796043948418	0.268819712017439	-7.30214471532816	2.83216405215636e-13	1.63302834132297e-12
Sm_t00004116-RA	314.406936988908	-2.54783990693158	0.205325542555157	-9.55964797416421	1.18157919828943e-21	9.82663319276349e-21
Sm_t00004146-RA	21.9790075227097	-2.54460984452869	0.486642423330049	-4.02679616610335	5.65420078184468e-05	0.000183673316349393
Sm_t00014616-RA	10.0376494580337	-2.54124395759979	0.716275596759304	-2.73113305332551	0.00631169843114711	0.0160912568818562
Sm_t00012404-RA	694.057486715014	-2.54085988530561	0.137984288862825	-14.1745114710125	1.31756851402158e-45	2.42519959188634e-44
Sm_t00014753-RA	19.7907940366697	-2.54084559552532	0.465130927311543	-4.20493560131577	2.61156505593675e-05	8.74089827241197e-05
Sm_t00010350-RA	133.61075505297	-2.54006769103129	0.258922392629749	-7.55078643903531	4.32637762375517e-14	2.60458252463005e-13
Sm_t00006113-RA	8.45698242153444	-2.54003237260033	0.705460075127492	-2.77128705298739	0.00558351801150711	0.0143357341300378
Sm_t00018482-RA	46.5269842796858	-2.53898696560137	0.409584498808313	-4.77065653433296	1.83626420654439e-06	6.79895291233975e-06
Sm_t00006198-RA	35.8754235836414	-2.53831414979045	0.415549947028352	-4.70055203654539	2.59459127122332e-06	9.47614588819076e-06
Sm_t00004110-RA	28.9462822196887	-2.53773893370946	0.364665341623815	-5.35487942181213	8.56134899676874e-08	3.53971088578242e-07
Sm_t00007581-RA	112.55070383721	-2.53757878984536	0.251115018022831	-7.77563526554128	7.50697146988461e-15	4.71535183805949e-14
Sm_t00018610-RA	713.89066018771	-2.53650678112156	0.101486597208264	-19.2292069574154	2.10827368673028e-82	9.44075889074007e-81
Sm_t00003783-RA	3539.45775351522	-2.53512105520956	0.0809670668918228	-24.0853612471235	3.55895388492294e-128	3.82484218161589e-126
Sm_t00012563-RA	204.213465431955	-2.53450916615711	0.183155064692119	-10.6440363493862	1.85897767583608e-26	1.86098858918734e-25
Sm_t00014375-RA	257.60550277596	-2.53321868200615	0.155261808116139	-12.5479582238849	4.07892261047795e-36	5.72423697096392e-35
Sm_t00015415-RA	75.0950707746888	-2.5327650535165	0.22676389196172	-8.58939682445253	8.74270739562305e-18	6.28283087990892e-17
Sm_t00006281-RA	80.0026575638235	-2.53090673307151	0.289107706731764	-6.73073282988242	1.6881068535808e-11	8.77942053292195e-11
Sm_t00015500-RA	22.9732387341628	-2.53073125112492	0.482873258327312	-4.02948644922891	5.58988378416515e-05	0.000181654865541598
Sm_t00018481-RA	50.5414262907873	-2.53039687112995	0.317967126947878	-6.11823269217651	9.46188351979315e-10	4.43988889218913e-09
Sm_t00009213-RA	281.317773176382	-2.53010653358747	0.156742996147095	-12.4095275795424	2.32017712171208e-35	3.18364995827675e-34
Sm_t00007782-RA	73.0980110594161	-2.52873759398524	0.308187541515915	-6.30699600776972	2.84503166085899e-10	1.38090143958593e-09
Sm_t00007746-RA	22.2060413689936	-2.52656845180403	0.716342731142018	-2.71039038632907	0.00672040575921578	0.0170731308734202
Sm_t00008490-RA	230.646313485186	-2.51968609364397	0.157346500072589	-12.295704656611	9.55201321872471e-35	1.28320513062513e-33
Sm_t00017246-RA	83.636590940883	-2.51907120810371	0.307758080678573	-6.28438806168565	3.29147592978583e-10	1.59202688845448e-09
Sm_t00008265-RA	18809.1488270963	-2.51770966519379	0.218282243024047	-8.85417722677919	8.43033465178709e-19	6.26651113919988e-18
Sm_t00008157-RA	386.581766256921	-2.51740079337369	0.15944897429418	-12.1192425472017	8.35275211465997e-34	1.07777029222313e-32
Sm_t00012567-RA	203.586575416076	-2.51573229621506	0.177856651266651	-10.8555529549492	1.8766747966528e-27	1.93331161178988e-26
Sm_t00007526-RA	727.943240053108	-2.51516720269904	0.180986134955628	-10.6647241412844	1.48840068157871e-26	1.49630528387074e-25
Sm_t00010442-RA	118.43746074829	-2.5127654067114	0.283672522556771	-6.79574246154067	1.07756123673998e-11	5.68758399290703e-11
Sm_t00013439-RA	147.935896714966	-2.5124735938866	0.203430223095407	-9.4748634915601	2.67109728101724e-21	2.20055086583508e-20
Sm_t00003203-RA	21.3636895135271	-2.51065916845798	0.444693461486197	-4.33030690854389	1.48901664737242e-05	5.1047621551615e-05
Sm_t00010582-RA	514.007282909084	-2.50889594892386	0.232846298070578	-8.26251464964544	1.42635225365098e-16	9.6861703388985e-16
Sm_t00007751-RA	69.5729046058958	-2.50700712608322	0.274947315122629	-6.99045606328611	2.73994095343719e-12	1.49547629103397e-11
Sm_t00001033-RA	2734.61936381168	-2.50664112003063	0.200510008023427	-9.58376661082232	9.35688886696955e-22	7.81680314673915e-21
Sm_t00006007-RA	1109.08636484431	-2.50649198259696	0.108367896196001	-17.731192078525	2.4087254170562e-70	8.55534072437574e-69
Sm_t00012946-RA	41.5201848006138	-2.50554574798522	0.330306672945885	-5.81443217860715	6.08400455620405e-09	2.71563097259505e-08
Sm_t00018517-RA	11.291364872358	-2.50439589982011	0.720130643805554	-2.66534401268775	0.00769096024488786	0.019390951378741
Sm_t00001812-RA	343.90742345273	-2.5021117728643	0.166118558433698	-11.540623702375	8.23261072650205e-31	9.58342623913845e-30
Sm_t00005543-RA	173.359085186415	-2.49844563427065	0.164757046471423	-11.6137408095777	3.50920099400682e-31	4.13410680043603e-30
Sm_t00018157-RA	1634.32752481944	-2.49835595878932	0.140291076602271	-13.6384722758507	2.36462440653008e-42	3.91549834631988e-41
Sm_t00011145-RA	65.7934885997995	-2.49669733514009	0.241071129358736	-7.93001360314413	2.19121882675163e-15	1.41149741747984e-14
Sm_t00014468-RA	155.215420903407	-2.4960368161036	0.225930749274968	-8.45850696390944	2.70822454421026e-17	1.89552959905271e-16
Sm_t00019679-RA	6.44428250523915	-2.49522943377363	0.769498245269106	-2.48243507443683	0.0130487844709556	0.031797345189757
Sm_t00010186-RA	237.840951078059	-2.49047995511079	0.289471631433702	-6.58261379767433	4.62248749130681e-11	2.34617296252861e-10
Sm_t00011720-RA	110.946191335467	-2.48941536695318	0.225500854152783	-8.44526897296309	3.03346187181579e-17	2.11605560555726e-16
Sm_t00000422-RA	182.997440495665	-2.48911703905635	0.193083105375503	-9.86164499143139	6.10410251792322e-23	5.37148123315187e-22
Sm_t00010620-RA	159.624969011819	-2.48614047856509	0.248928861303761	-7.63728427715409	2.21851309561718e-14	1.35369930940626e-13
Sm_t00011324-RA	506.276298061378	-2.48484551624021	0.274344859282612	-6.92502684835479	4.35892844241043e-12	2.34911129063969e-11
Sm_t00001247-RA	3339.99076674241	-2.48327687198984	0.121776197064074	-15.5882423474846	8.75082735442334e-55	2.0560124410435e-53
Sm_t00008977-RA	16.282100365896	-2.48087651056933	0.713999677223829	-2.65529043085967	0.00792401528090758	0.0199543834541736
Sm_t00005144-RA	1249.11668480319	-2.48045754771913	0.268499018305544	-7.05945801843549	1.67153266323771e-12	9.22916509917595e-12
Sm_t00020263-RA	593.559021494477	-2.47960081303659	0.122416959444753	-15.4766204097042	4.99007669130549e-54	1.15131160005217e-52
Sm_t00017615-RA	24.4027555618464	-2.4790447258375	0.550757168576421	-3.4389833376716	0.000583903171562844	0.00169012320276175
Sm_t00016638-RA	518.024674506495	-2.47859062986214	0.147345835574353	-12.8513345659274	8.45390640371099e-38	1.2407504217887e-36
Sm_t00018131-RA	44.4631853956085	-2.47727434084576	0.332747798490804	-5.68681250312782	1.29432426551348e-08	5.64272536375909e-08
Sm_t00006990-RA	9.75136118345906	-2.47616207028512	0.636672210989736	-2.97038576152903	0.00297426003435004	0.00791836721307382
Sm_t00007683-RA	25.417141080102	-2.47550947648921	0.385124701732049	-4.90882425351293	9.16240396078096e-07	3.50223325329714e-06
Sm_t00015397-RA	7.43405831150542	-2.47437812720961	0.786745347844609	-2.4015116611567	0.0163274886614015	0.039241567756691
Sm_t00002854-RA	92.511333568228	-2.47341997009111	0.274637618267258	-6.87604262666386	6.15380934381672e-12	3.29402815068441e-11
Sm_t00008741-RA	23.338654766431	-2.47227301469735	0.494912761668327	-3.81334481724706	0.000137098622370774	0.000426080009599319
Sm_t00005298-RA	74.3310158734338	-2.4717883872463	0.46705364528014	-4.03976803588504	5.3504091487601e-05	0.000174178455345018
Sm_t00011122-RA	19.96910619971	-2.47161898498059	0.472413860304652	-3.99357246581194	6.50851748680188e-05	0.000210073404950873
Sm_t00009691-RA	114.68540377918	-2.46998473174767	0.248738154513854	-7.57818894102425	3.50411848174874e-14	2.11491324887575e-13
Sm_t00011129-RA	251.605279506421	-2.46945559021352	0.190505102893335	-9.89189035670419	4.51421883014517e-23	3.99563534923263e-22
Sm_t00011881-RA	75.6623890931509	-2.4689703182892	0.294221412992696	-6.40323999237936	1.52113799431087e-10	7.50121868242467e-10
Sm_t00012943-RA	97.4429458791968	-2.46861831115741	0.26826664246422	-7.02144066013963	2.19592077673993e-12	1.20565749172491e-11
Sm_t00005596-RA	121.242827253469	-2.46823257109634	0.208328815891901	-9.03971235584389	1.57084618058733e-19	1.20920312736709e-18
Sm_t00007971-RA	26.5329373442291	-2.46797954642686	0.509156337349397	-3.6982345270009	0.000217104251835556	0.000660672748826578
Sm_t00007793-RA	257.332560484816	-2.46718683523782	0.151652593160176	-12.4111747515576	2.27293168547746e-35	3.12139291151554e-34
Sm_t00018678-RA	411.632752145653	-2.46495675508036	0.145896046901482	-12.8855907682669	5.42584236372329e-38	7.99148382801968e-37
Sm_t00009309-RA	204.652513094964	-2.46369946725314	0.221275203013675	-8.49032987730231	2.06051380291957e-17	1.45133356993802e-16
Sm_t00007085-RA	23.0625078713435	-2.46295798484035	0.459905594614822	-4.08335538169125	4.43900584369029e-05	0.000145446418851677
Sm_t00012574-RA	58.8185861428697	-2.46081840640701	0.294890966705966	-6.36105753716551	2.00369364337177e-10	9.81114894511666e-10
Sm_t00016326-RA	300.460501393727	-2.45993218615003	0.204835548363436	-9.15335351275732	5.51930110549162e-20	4.32864961465534e-19
Sm_t00003945-RA	470.411906224599	-2.45954046207137	0.160232212768555	-11.6988989272652	1.29117947655401e-31	1.55491875138741e-30
Sm_t00004918-RA	104.759450855232	-2.4584905207226	0.221800000683651	-8.44675615395837	2.9950840407318e-17	2.09103562240194e-16
Sm_t00002214-RA	143.869211727281	-2.45840842679663	0.257450776020955	-7.27676356525779	3.41923741416834e-13	1.95932772085367e-12
Sm_t00000661-RA	1278.97339883155	-2.45680935972763	0.12090992152347	-15.4810236922061	4.65998163650301e-54	1.07664319141286e-52
Sm_t00009528-RA	229.566698424318	-2.45526917786293	0.235140075866948	-7.95385121386626	1.808012450907e-15	1.16781199717754e-14
Sm_t00003946-RA	295.076720719361	-2.45515992480019	0.196611092572096	-9.5119756486497	1.87075317669271e-21	1.54808775048918e-20
Sm_t00007801-RA	529.773704320405	-2.45453013368659	0.192576567149812	-9.70798348602931	2.78798057805617e-22	2.38900105294546e-21
Sm_t00013184-RA	46.4122761405654	-2.45299587499589	0.35121447699501	-5.31867561661598	1.04525299576011e-07	4.28440561106594e-07
Sm_t00001111-RA	40.9818902934184	-2.45143441344962	0.400385552886651	-4.66159280721601	3.13771518567647e-06	1.13587891107742e-05
Sm_t00019821-RA	49.5516155410994	-2.45058050631223	0.351407682552967	-5.30887797545815	1.10302145695622e-07	4.51009608001392e-07
Sm_t00011601-RA	431.99122719329	-2.45030217492427	0.185230309348941	-10.0701779394557	7.48425567936149e-24	6.82017128593018e-23
Sm_t00013329-RA	45.536023884524	-2.44953065102856	0.478486454435683	-3.89672609066342	9.7501785362907e-05	0.000308252939945968
Sm_t00012461-RA	214.948047338079	-2.44816746316258	0.237330819173112	-7.85050786768472	4.14355877019398e-15	2.63448099213325e-14
Sm_t00013483-RA	41.3992683223109	-2.44740200655391	0.350701078054699	-5.31051121052849	1.09318159444205e-07	4.47315622702425e-07
Sm_t00010576-RA	160.03885291561	-2.44738910357708	0.257553965497533	-7.23106359468935	4.79225857844721e-13	2.72641541665894e-12
Sm_t00005494-RA	14.4813790611988	-2.44589472383541	0.719456849761731	-2.58652721765274	0.00969485133005595	0.0240824386304909
Sm_t00009675-RA	1014.60823316917	-2.44532148821455	0.155371028384042	-11.9734129815776	4.89718830394553e-33	6.17542488774599e-32
Sm_t00008238-RA	2345.91587105749	-2.44494883636174	0.210304610730842	-8.84407065493297	9.22932034150427e-19	6.85124858506141e-18
Sm_t00005364-RA	1482.42382607735	-2.44162133098502	0.0993511569978443	-18.6874656228241	6.26177624135429e-78	2.63405728859797e-76
Sm_t00003501-RA	76.2677547064742	-2.44018988346891	0.279239932744276	-6.64371268549139	3.05878562958708e-11	1.56538405584214e-10
Sm_t00012367-RA	31.3409100881868	-2.43918811817668	0.420221905505246	-4.41240233763476	1.02229912584412e-05	3.56115826815378e-05
Sm_t00022517-RA	142.774754155319	-2.43872277546381	0.191846269564385	-9.66254272065312	4.34932196349112e-22	3.68707405943181e-21
Sm_t00007552-RA	469.198405391705	-2.43702458384243	0.23043325720713	-8.03714101987326	9.19588166444839e-16	6.02379067111212e-15
Sm_t00000216-RA	416.697519147318	-2.43485315394238	0.264045753212616	-7.00580536303055	2.45569105566829e-12	1.34429515627086e-11
Sm_t00008593-RA	102.727787832702	-2.43460369250993	0.288316591986707	-6.41518297564787	1.40653822849031e-10	6.96495654286314e-10
Sm_t00005498-RA	456.500501094561	-2.43344105818512	0.13946488714904	-13.2538095858477	4.28868087737214e-40	6.72068166089041e-39
Sm_t00004512-RA	71.9826653300056	-2.43331113107761	0.245757842985495	-7.52086325556941	5.44157406216433e-14	3.25712327443527e-13
Sm_t00012306-RA	23.5014200200399	-2.43229976486282	0.439956118076148	-4.19882731246184	2.68300826064199e-05	8.96560714258262e-05
Sm_t00014013-RA	17.7481984698108	-2.43205204264076	0.52356622785926	-3.52782884830621	0.00041898296844182	0.00123551394730109
Sm_t00006326-RA	215.855631847659	-2.43146261806924	0.284179384332091	-6.49752487292138	8.16521962710404e-11	4.0870260982061e-10
Sm_t00000092-RA	286.246051937909	-2.43088619074328	0.191917230480405	-9.6181368714142	6.70343122774376e-22	5.6283143846651e-21
Sm_t00009877-RA	12.7996482115871	-2.42831786310275	0.64666783757503	-2.8504863795532	0.00436524199525609	0.0113868150887842
Sm_t00018467-RA	61.588749994633	-2.42794353482508	0.290898251706202	-6.33535445474728	2.36796255055339e-10	1.15506647634314e-09
Sm_t00003888-RA	89.9953042073919	-2.42759935114416	0.300374477168679	-6.13434060214584	8.55131341229583e-10	4.02394855429446e-09
Sm_t00021706-RA	402.901665520355	-2.42738480796145	0.133137487836939	-13.8382121962367	1.49888264816537e-43	2.56612406507079e-42
Sm_t00015661-RA	9.07219340278774	-2.42723818832697	0.79040936112914	-2.33073933448262	0.0197671087357439	0.0469060537492908
Sm_t00006009-RA	148.258189569386	-2.42643282202046	0.372157628518339	-4.94799160600767	7.49831417047316e-07	2.89270304427378e-06
Sm_t00008037-RA	51.1026423205415	-2.42633824574164	0.366205272228597	-5.02815875515908	4.95211821387868e-07	1.93962814970118e-06
Sm_t00005336-RA	667.218003591444	-2.42626912771657	0.286049630387924	-6.436886931892	1.21948705188911e-10	6.05490769310548e-10
Sm_t00008357-RA	132.292273905199	-2.42626334131874	0.221589294899007	-8.30935150616334	9.62264879175848e-17	6.57751676541292e-16
Sm_t00004767-RA	26.4301940548534	-2.42521602422095	0.440796689604442	-4.17475010048805	2.98313334076789e-05	9.90690494228699e-05
Sm_t00003013-RA	33.6109640190236	-2.42123392015849	0.342475022424562	-5.3616579310188	8.24615823890532e-08	3.4127827066754e-07
Sm_t00016559-RA	7.75595163410034	-2.42119736874482	0.702172910339184	-2.61502165877896	0.00892217975235905	0.0222860504295692
Sm_t00020203-RA	1294.39777777958	-2.41673902169085	0.281804525703534	-6.5000340825537	8.03018166313575e-11	4.02064220452406e-10
Sm_t00021034-RA	187.036784294136	-2.41518610498334	0.18955691559497	-9.65507430440539	4.67820007386674e-22	3.95781903659076e-21
Sm_t00006226-RA	112.534694207077	-2.41483240134128	0.200507184099063	-9.1260191477091	7.10644300524736e-20	5.55509749326187e-19
Sm_t00014294-RA	9.71694092533065	-2.41464892209113	0.681596561673658	-2.6843576170608	0.00726693290418246	0.0183719180934696
Sm_t00006835-RA	42.2642712213749	-2.4140150259864	0.380488767607977	-4.8070145079049	1.53200877205327e-06	5.72330166514092e-06
Sm_t00012682-RA	110.043414909618	-2.41237094317619	0.233249043529161	-7.83441987811507	4.7101231111529e-15	2.98445153235394e-14
Sm_t00013181-RA	543.328687960506	-2.412354135682	0.233456044657122	-7.82740124962644	4.98057563014415e-15	3.15221994099321e-14
Sm_t00008539-RA	367.74768857785	-2.41137616986206	0.217639583426469	-8.39174630417869	4.78973614393981e-17	3.31480783904235e-16
Sm_t00001502-RA	18.4825864472689	-2.41101073641703	0.468719423206194	-3.89574369230641	9.78978740790157e-05	0.000309446449033822
Sm_t00019819-RA	82.4178260040351	-2.40987890354595	0.317662773885737	-5.74470493102964	9.20814149185771e-09	4.06652229510514e-08
Sm_t00013123-RA	101.41735597622	-2.40955166801645	0.300910294024515	-6.06344051449368	1.33240075062966e-09	6.19283808705049e-09
Sm_t00003438-RA	202.749115420152	-2.40861819091609	0.163014300793542	-11.1868601836701	4.72883589394595e-29	5.18243081061524e-28
Sm_t00014330-RA	43.8281454330074	-2.40793667455641	0.375945112108741	-4.84894367779181	1.24120653414308e-06	4.6788908001257e-06
Sm_t00001468-RA	995.885251716812	-2.40726015898874	0.41617898632994	-4.37854917918437	1.1947198320029e-05	4.13325918203621e-05
Sm_t00007008-RA	448.815609870146	-2.40717076317386	0.1873468125148	-9.72619036702273	2.3316209664517e-22	2.00516995659022e-21
Sm_t00014560-RA	46.1043972098023	-2.40707173948085	0.404311588807428	-4.50660280318775	6.58737772263621e-06	2.32730727685417e-05
Sm_t00007222-RA	248.423838455952	-2.40576655242443	0.199861833076803	-9.11012635276265	8.2286082098338e-20	6.41723574716346e-19
Sm_t00008609-RA	9.68044323869385	-2.40501586856732	0.629338014960318	-2.89195285411461	0.00382855393866842	0.0100609010112539
Sm_t00001186-RA	129.86758021643	-2.40481011811422	0.193905722088886	-9.38502535412555	6.29013058395625e-21	5.10131427787454e-20
Sm_t00004244-RA	26.0695938877274	-2.40325213241922	0.405317685408262	-4.48599258773463	7.25752644442445e-06	2.55539791822495e-05
Sm_t00004768-RA	31.1365123190802	-2.4003843049826	0.433455082431683	-4.18817168966687	2.81210748080307e-05	9.37631833771367e-05
Sm_t00011261-RA	40.2909571205664	-2.40001372194402	0.394799184676337	-4.59730868854757	4.27983299796044e-06	1.53451265777066e-05
Sm_t00006460-RA	1562.28029331404	-2.39953414861831	0.456498417638802	-3.97489690764718	7.04097486560811e-05	0.000226446633159804
Sm_t00013518-RA	2247.65172165993	-2.39942487599599	0.174657518618243	-10.3884727685949	2.79797316038724e-25	2.67865729343279e-24
Sm_t00008750-RA	70.9304644268365	-2.39616625487753	0.232850440113601	-7.77823848644615	7.35413359186819e-15	4.62283612729586e-14
Sm_t00012784-RA	72.7178651667004	-2.39515361212416	0.267767970636523	-6.76015734003273	1.3784196487406e-11	7.22293630346677e-11
Sm_t00004280-RA	59.9757896175337	-2.39388447246695	0.287774428770697	-6.28577208959834	3.26228246437848e-10	1.57836483565544e-09
Sm_t00014561-RA	33.0159040382333	-2.38982004837518	0.455419941706127	-3.96297984144882	7.40200340161031e-05	0.000237260335675194
Sm_t00014457-RA	79.0144996464962	-2.38973091858609	0.312313816141116	-5.77858175115326	7.53329378737479e-09	3.34638954426905e-08
Sm_t00012477-RA	1293.61023504947	-2.38950869539596	0.262969592837741	-6.86204315838671	6.78825465329591e-12	3.62548079559485e-11
Sm_t00007999-RA	165.118424775608	-2.38837725351078	0.21502158827129	-8.3869590398313	4.98878722558926e-17	3.44683606818191e-16
Sm_t00002711-RA	228.906631774676	-2.38739167571865	0.169873330505355	-10.6102097978342	2.67148539097245e-26	2.65839926181715e-25
Sm_t00000329-RA	193.551251925617	-2.38355360527907	0.17708594058894	-10.1563884704656	3.10360583321231e-24	2.86108832150806e-23
Sm_t00005989-RA	316.111192025925	-2.38345863328993	0.134702384334445	-13.3513496600375	1.16322086907227e-40	1.84542221304819e-39
Sm_t00005764-RA	102.032224888586	-2.38222270193524	0.241953693851247	-7.42796141413808	1.10284116859585e-13	6.48744065400456e-13
Sm_t00002442-RA	2250.09274258777	-2.38171257717971	0.0874889442942554	-20.5364528246763	1.0172636127087e-93	5.59259975594112e-92
Sm_t00007185-RA	31.0678638988298	-2.3809621397805	0.416528200376341	-4.31174200968341	1.61973359980694e-05	5.53240153897559e-05
Sm_t00000614-RA	144.509406421909	-2.38092490652367	0.225162092340439	-7.97614237750231	1.50977772996725e-15	9.79356597577667e-15
Sm_t00010316-RA	70.5508406418652	-2.38050562648254	0.275754196400553	-6.51125404407061	7.452597860466e-11	3.74382916645484e-10
Sm_t00014192-RA	1092.74079171711	-2.38002280027872	0.429346683698774	-4.18082372225354	2.90454976188037e-05	9.658083436452e-05
Sm_t00016444-RA	12.2751725150487	-2.37825314795258	0.599337642956281	-2.99205826469904	0.00277103370889559	0.00739860226362922
Sm_t00021483-RA	543.010507497205	-2.37821556902967	0.206947450580206	-8.66507687822265	4.51208419862902e-18	3.27933239881162e-17
Sm_t00013844-RA	137.975654958302	-2.37561674587682	0.240091976081734	-7.45804493386001	8.78157249116385e-14	5.18919597580019e-13
Sm_t00017629-RA	114.440906825415	-2.3720909861516	0.36077716144869	-4.95344821433703	7.29097684440107e-07	2.81663015477813e-06
Sm_t00008826-RA	52.3336946850221	-2.3683689105505	0.293522299363857	-6.0757527261661	1.23407451652098e-09	5.75026945348433e-09
Sm_t00005346-RA	94.9813889429811	-2.36747978122836	0.277626909029757	-6.42041431595273	1.35903948814956e-10	6.73375365663159e-10
Sm_t00001174-RA	581.997990416131	-2.36675231904365	0.112964181867423	-15.772719189298	4.79405546881084e-56	1.17095859236732e-54
Sm_t00008498-RA	72.7532893301055	-2.36614207455566	0.235436497602226	-7.56527595634271	3.87042062483313e-14	2.33430364838777e-13
Sm_t00002359-RA	501.584742452311	-2.36577698185965	0.11693906458613	-15.2282471914938	2.29666590581908e-52	5.06056357925056e-51
Sm_t00000564-RA	212.679328419462	-2.36458403967965	0.184563886121185	-9.64210321466237	5.30889149862508e-22	4.48228659828163e-21
Sm_t00017611-RA	408.464225070643	-2.36342401821164	0.175267194459678	-10.1469303693384	3.41950036325849e-24	3.1453361154699e-23
Sm_t00012258-RA	82.277006683011	-2.36214822939259	0.287807848360859	-6.17477334101175	6.62584561203292e-10	3.13471559799047e-09
Sm_t00010262-RA	584.233961822877	-2.36204218661653	0.139611040728099	-12.7285218801386	4.10537616348722e-37	5.91074815310027e-36
Sm_t00002960-RA	43.92396029849	-2.35789835434585	0.352693350606023	-5.0267416476651	4.9888372892085e-07	1.95309169362245e-06
Sm_t00017038-RA	11.0075897829131	-2.35546831244557	0.554507316242384	-3.19286736276653	0.00140867635072441	0.0038940807584413
Sm_t00002852-RA	42.3175599160765	-2.35395085129235	0.378938971184474	-4.66816819015216	3.03897081563594e-06	1.10098251080608e-05
Sm_t00014647-RA	11.7920759764896	-2.35343035558844	0.613775459782556	-2.88123340124245	0.00396122186423787	0.0103931381027681
Sm_t00015614-RA	51.6370567090798	-2.35321387738539	0.445621077427841	-3.96797630756528	7.2485538076045e-05	0.000232517637833768
Sm_t00000188-RA	409.97630464595	-2.35141623264142	0.208086948191551	-8.48883722882696	2.08714809113261e-17	1.4694722274762e-16
Sm_t00006267-RA	62.1542731247773	-2.34854708796511	0.308086820342728	-5.72418867513798	1.03929199360607e-08	4.57277496816954e-08
Sm_t00019820-RA	48.6730115329253	-2.34837604449995	0.330689003842297	-5.33243024113643	9.69070016205573e-08	3.98291841350911e-07
Sm_t00004685-RA	111.6687587014	-2.34778157442718	0.217481670692964	-8.10542593686363	5.25610534215447e-16	3.47997626349798e-15
Sm_t00002142-RA	17.2765172057572	-2.34634477180881	0.672410944109775	-2.61944691298965	0.0088072479681543	0.0220187808274823
Sm_t00012712-RA	3833.01758481784	-2.34472148357313	0.0662155225291058	-26.5756640793649	1.29761841905491e-155	2.37535468402381e-153
Sm_t00012925-RA	252.312806480383	-2.34319980692678	0.219586358754765	-8.00687172416911	1.17663108418834e-15	7.66236145442117e-15
Sm_t00005292-RA	107.264436352468	-2.3429297809366	0.267310709151704	-6.57635373650124	4.82124794675131e-11	2.44407633283577e-10
Sm_t00005401-RA	22.3526963605848	-2.34222928311121	0.426563030177032	-4.11950675233605	3.79684298580759e-05	0.00012521839330347
Sm_t00007901-RA	49.2737448547464	-2.33887985170144	0.303247102788233	-5.78366564948264	7.30901449078138e-09	3.25109648564583e-08
Sm_t00014926-RA	70.1897678772526	-2.33605818126078	0.491477736044574	-3.5628433453636	0.000366859620394196	0.00108913697318241
Sm_t00005883-RA	112.843098678681	-2.33569453841447	0.193602913490535	-9.04270760625747	1.52838269793179e-19	1.17705959233231e-18
Sm_t00004879-RA	20.3742058548737	-2.33522433186788	0.560788133171503	-3.12100814610607	0.00180233048433755	0.00492749404367223
Sm_t00014811-RA	63.4947300911445	-2.33387195099203	0.32385057187976	-5.40024351614037	6.65504969047101e-08	2.76872671687977e-07
Sm_t00010765-RA	186.454807267774	-2.33379102596151	0.195532445710554	-8.94373831210727	3.76222796216485e-19	2.84998605701419e-18
Sm_t00008451-RA	1468.46655442086	-2.333373933974	0.106880978190167	-16.3581393394737	3.80579352999848e-60	1.03252294173802e-58
Sm_t00008448-RA	125.256171674504	-2.33241636611893	0.229345696354015	-7.61913737165419	2.55376573193935e-14	1.55314456234559e-13
Sm_t00007084-RA	232.221990566797	-2.33201561803689	0.179569478383462	-9.72891180485706	2.27008358143766e-22	1.95426626871259e-21
Sm_t00006132-RA	1614.71149294297	-2.32933977460131	0.157704438450897	-11.0608159905685	1.94321558622083e-28	2.08839259582365e-27
Sm_t00002489-RA	9.61452495734846	-2.32922605695049	0.711834931956754	-2.45032377401852	0.0142727809244021	0.0345826886747185
Sm_t00020821-RA	8.99990665255738	-2.32866371007647	0.718360543070449	-2.42728213137045	0.015212420696477	0.0367311935007847
Sm_t00016636-RA	20.12201777212	-2.32513369249316	0.452532856747933	-3.84532010559056	0.000120395164917859	0.000376810643695084
Sm_t00005753-RA	21.3768903675078	-2.32212115092079	0.486823641264917	-3.56827607305022	0.00035933777387856	0.00106794801735398
Sm_t00008262-RA	1509.17375234646	-2.32195709259371	0.532742547038406	-3.26040617977616	0.00111252766631557	0.00310895585732004
Sm_t00000050-RA	98.1941935820438	-2.31898559909907	0.237415880131548	-7.30357884290766	2.80212551995332e-13	1.61626755233319e-12
Sm_t00021515-RA	387.738870900049	-2.31637162774805	0.146141044868011	-11.8472646018903	2.22330170174921e-32	2.73933134228834e-31
Sm_t00022525-RA	422.832198644476	-2.315833630451	0.191776572105692	-9.02526107045599	1.79267406626944e-19	1.37551195743512e-18
Sm_t00002233-RA	454.109076902362	-2.31541713300052	0.171735646950232	-10.0760509756136	7.05029689542695e-24	6.43175496626627e-23
Sm_t00006378-RA	22.1632128057534	-2.31465013310197	0.478670688712583	-3.6134448460882	0.000302155651577768	0.000905582965408866
Sm_t00016333-RA	439.715040098445	-2.31333774971046	0.230211129084129	-7.50762031612662	6.02118375540193e-14	3.59501358413926e-13
Sm_t00002058-RA	130.389446836279	-2.31173006117113	0.177785132184083	-9.71245480405656	2.66831946290296e-22	2.2876410505938e-21
Sm_t00000915-RA	320.982902749539	-2.30933137899745	0.175658731404259	-9.81637158149054	9.57272084638746e-23	8.35318930639719e-22
Sm_t00004318-RA	35.9394597329154	-2.30714561790274	0.391387509666039	-4.40010367058521	1.08199173935618e-05	3.76123088359667e-05
Sm_t00017042-RA	82.1888937214992	-2.3061748266354	0.284103729960108	-6.0582619836673	1.37600161052087e-09	6.39192270721044e-09
Sm_t00007283-RA	387.206031640094	-2.30465065974913	0.184611137934273	-9.3149886783179	1.21965546655434e-20	9.79348644416836e-20
Sm_t00012321-RA	24.4234623331365	-2.30345628639954	0.539774102203959	-3.18365827367947	0.00145426584737696	0.00401102210225841
Sm_t00009306-RA	248.864524941885	-2.30341752586335	0.25531474684907	-6.73058468839325	1.68982659439638e-11	8.7856215385315e-11
Sm_t00012814-RA	1174.68644549808	-2.30253557645965	0.468695334039284	-3.66450325344116	0.000247819089968125	0.000748428264701656
Sm_t00008197-RA	115.803347212224	-2.30235207509295	0.223934003962267	-7.66900981854603	1.73329170311463e-14	1.06543074503629e-13
Sm_t00009979-RA	1354.10092566659	-2.30142394156225	0.158664443524478	-10.8179495256443	2.83038787898245e-27	2.91040748691911e-26
Sm_t00004359-RA	109.474191954331	-2.29778015679574	0.256336627741975	-6.68176129132745	2.36087371073481e-11	1.21493463927774e-10
Sm_t00006403-RA	86.6375208786994	-2.29748235574682	0.241881906034287	-7.07982826753513	1.44333212141799e-12	8.01167160232617e-12
Sm_t00011533-RA	603.098658012125	-2.29672582675709	0.245562427556907	-6.97063408187887	3.15515648292834e-12	1.7153588998897e-11
Sm_t00018127-RA	34.627841634983	-2.2942568026853	0.337108514851601	-5.07034597876513	3.97093164464374e-07	1.56674039167398e-06
Sm_t00011636-RA	1530.03942035856	-2.2941614647507	0.140747479376543	-12.143460560158	6.21411790302872e-34	8.04936049989521e-33
Sm_t00014842-RA	17.0460103768397	-2.29355483735254	0.494339433551146	-3.45623820677007	0.000547771011895048	0.0015913445267087
Sm_t00004626-RA	57.8428226515318	-2.29019376280071	0.308909838513092	-5.52003707945497	3.38928136446169e-08	1.43807052901688e-07
Sm_t00004383-RA	17.5841137749583	-2.28981765823978	0.642895750344056	-2.65177932398436	0.00800688541172933	0.0201387131494167
Sm_t00011887-RA	49.4900845210423	-2.28801569769841	0.278346299348974	-6.11833425370341	9.45585637874161e-10	4.43831094835384e-09
Sm_t00010552-RA	274.812873929201	-2.28722995481344	0.162074703534357	-10.5027491501942	8.39004125512091e-26	8.20195464951902e-25
Sm_t00020377-RA	20.7211635046443	-2.28188464567047	0.531949728109418	-3.18993422874997	0.00142305176177241	0.00393251430783093
Sm_t00012903-RA	109.809186242645	-2.27957156200529	0.231827921179428	-7.30960944386736	2.67919959752641e-13	1.54804394365574e-12
Sm_t00009345-RA	47.1444101097269	-2.27954747124664	0.355565996699457	-4.7657748124857	1.88129283292574e-06	6.96103420943513e-06
Sm_t00020210-RA	826.893999923644	-2.27817369085158	0.230137793193043	-7.35721702793648	1.87783915649148e-13	1.09527467327854e-12
Sm_t00014263-RA	231.543120050663	-2.27723714843994	0.185992042917378	-9.09843841648468	9.16399013255005e-20	7.12336666486322e-19
Sm_t00004935-RA	480.158899196574	-2.27617474728375	0.133849155114097	-12.6349303127251	1.35514156075998e-36	1.91304645077455e-35
Sm_t00000114-RA	254.852371226808	-2.27447768430567	0.190440821837896	-8.87140513258109	7.22286651909014e-19	5.39061426859335e-18
Sm_t00013983-RA	26.413908758852	-2.2725310287827	0.440347997270699	-3.8322668417754	0.000126967912727954	0.000396221710420056
Sm_t00015516-RA	46.6601267227755	-2.27171096518843	0.339405303201027	-4.96960698398223	6.70887462103995e-07	2.59717484167519e-06
Sm_t00016445-RA	14.7351929620878	-2.27105192353347	0.573627215819577	-2.93928160490869	0.00328974024437892	0.00871232003034404
Sm_t00003429-RA	380.420043024909	-2.26913432689246	0.171725543128454	-9.80712767717201	1.04912318739317e-22	9.14032115878422e-22
Sm_t00009667-RA	523.111418578412	-2.26854139552586	0.152082316762458	-11.0699352256412	1.75527436376672e-28	1.89129109648293e-27
Sm_t00005887-RA	3934.85652710622	-2.26629797092811	0.121219608382587	-13.8698515311292	9.64762821332643e-44	1.65680609049064e-42
Sm_t00008715-RA	57.6140966079675	-2.26513941706321	0.265037312421425	-6.33925616628531	2.30877090373319e-10	1.12685337575117e-09
Sm_t00016407-RA	16.8639236316075	-2.26509179836451	0.605152493024386	-2.7763114549324	0.00549795130646184	0.0141312872802101
Sm_t00007103-RA	17.6813678954355	-2.26471361180113	0.476006450728207	-3.52876228721578	0.00041750798055895	0.00123160048524013
Sm_t00001244-RA	133.031772520503	-2.26359959207677	0.230700503415779	-7.27609852264397	3.43612683239578e-13	1.96832877489852e-12
Sm_t00014077-RA	12.3465762592796	-2.26072515306481	0.576157227341818	-2.90845115455031	0.00363223913427949	0.00956614063222573
Sm_t00001980-RA	315.376928216707	-2.25902723800926	0.169073059317315	-9.90120628779453	4.11283910716159e-23	3.64423797059031e-22
Sm_t00006747-RA	286.864094233323	-2.25648207776209	0.22799184523149	-7.33132396057836	2.2789003194696e-13	1.32271503560016e-12
Sm_t00005400-RA	32.5685467941598	-2.25492324703089	0.36752937508415	-4.54364565185719	5.52895707862373e-06	1.96713727073289e-05
Sm_t00015544-RA	77.1358262219561	-2.25474555384653	0.411228587534189	-4.06038297059712	4.89922893471842e-05	0.000160022265871646
Sm_t00005109-RA	98.7254154066806	-2.25379456171479	0.250863529210628	-6.65220076814614	2.88742450724575e-11	1.48041604929824e-10
Sm_t00008054-RA	21.1983687513142	-2.25340591550294	0.419400278253866	-3.97807536620909	6.94753522253601e-05	0.000223622805584607
Sm_t00000923-RA	52.2959979508023	-2.25334962361226	0.323049825327294	-5.16437246768976	2.41246891139581e-07	9.64640113442906e-07
Sm_t00007792-RA	33.1786218164934	-2.25267968247571	0.353773208337285	-4.71397958684806	2.4292501025379e-06	8.88786475029132e-06
Sm_t00022560-RA	738.570973835398	-2.25155649373408	0.37082261772607	-4.49421479184202	6.98271205597897e-06	2.46279943740203e-05
Sm_t00009687-RA	73.2453640345036	-2.25066649074329	0.31369406373905	-5.30984383602775	1.09719206354772e-07	4.48846399670379e-07
Sm_t00014679-RA	13.5251008628155	-2.25004488467964	0.639850576998568	-2.60224018627925	0.00926169622153921	0.0230787338307255
Sm_t00006233-RA	134.455038399203	-2.2489146231306	0.223042642714652	-7.46007401490178	8.64738899965754e-14	5.11171774152929e-13
Sm_t00006964-RA	4414.28348915004	-2.24029490406084	0.317570866096672	-5.2123638556849	1.86449394453478e-07	7.51663604260898e-07
Sm_t00007692-RA	10.0287362676224	-2.23999531146364	0.594329764083249	-2.78464147595984	0.0053586938144229	0.0138031732736441
Sm_t00020376-RA	29.8540786982382	-2.239283128163	0.427838686866964	-3.86660481845905	0.000110361042251896	0.000346735994310088
Sm_t00007608-RA	24.8742407359982	-2.23849625308451	0.4069606123214	-4.06303755946448	4.84382318828401e-05	0.000158305683088944
Sm_t00019187-RA	497.12432733247	-2.23504239928291	0.120276239862882	-13.718772728213	7.83809114728726e-43	1.31487333667181e-41
Sm_t00003663-RA	1256.54135987515	-2.2335708360854	0.127321792559285	-12.9480649223327	2.40951365729996e-38	3.58372129493774e-37
Sm_t00012016-RA	834.914126158266	-2.2326661722041	0.11229966191504	-14.6720492662804	9.73596242068673e-49	1.9215836730308e-47
Sm_t00002835-RA	1502.06520052869	-2.23219662771744	0.390628490711585	-4.21678568482509	2.47809285249716e-05	8.32091730233779e-05
Sm_t00008801-RA	40.0286614775281	-2.23093962326543	0.431435166298824	-3.81503352493386	0.00013616444637504	0.000423492783367328
Sm_t00000112-RA	172.105622138123	-2.23071562313514	0.206722160523656	-7.96100243421565	1.7065102965378e-15	1.10310626774259e-14
Sm_t00010440-RA	54.5629168756789	-2.22883429140741	0.456711700002761	-3.59928219793245	0.00031909676515334	0.000953797580104852
Sm_t00016610-RA	3418.5576754724	-2.2266304697296	0.0932390066340111	-17.6066919736013	2.18868222749959e-69	7.5484613966228e-68
Sm_t00012499-RA	12.0170976579531	-2.22593853232766	0.702936125963322	-2.33440631619107	0.0195744563754606	0.046488636199376
Sm_t00007006-RA	37.6701144371338	-2.22425384929878	0.376835577586449	-4.35005065020093	1.36106090380469e-05	4.68537973456883e-05
Sm_t00002799-RA	43.7584829297882	-2.2235528956168	0.346387135425202	-4.73040920993044	2.24067718385074e-06	8.22684604994173e-06
Sm_t00010396-RA	103.080689209916	-2.22270759865354	0.352540490950588	-4.64544539050715	3.39343533311268e-06	1.2256688156763e-05
Sm_t00000213-RA	119.780358492299	-2.22120913236939	0.272373899840243	-6.00721703999203	1.88734793323505e-09	8.6705576039243e-09
Sm_t00004999-RA	284.891900175555	-2.22071224515098	0.227894281626404	-7.17750455815505	7.09952921341996e-13	4.00606294448485e-12
Sm_t00008990-RA	136.969928751824	-2.2181979283602	0.196931887731258	-8.29321217185984	1.10230464262165e-16	7.51624671993101e-16
Sm_t00008668-RA	21.8189642690118	-2.2174252336445	0.489415580799141	-3.33545824384871	0.00085158941943494	0.00241954230751275
Sm_t00005206-RA	35.5847140617598	-2.21650202124496	0.494871753656961	-3.29681783045532	0.000977869043145017	0.002759034979795
Sm_t00004381-RA	46.8584839609464	-2.21621532553307	0.371177155707596	-4.39470829615954	1.10921600407998e-05	3.85024384162624e-05
Sm_t00003793-RA	2409.1335053863	-2.2158053915253	0.10379246772834	-15.7121747581305	1.24822759486017e-55	3.0222347783693e-54
Sm_t00013887-RA	941.271912800672	-2.21315958853158	0.273968526180552	-5.94287092473745	2.80072967125861e-09	1.2750629916323e-08
Sm_t00000017-RA	685.199558344188	-2.21258380193202	0.125378401062594	-12.9813730924792	1.56057511402104e-38	2.34198740985247e-37
Sm_t00017868-RA	134.788482585386	-2.21219450740302	0.16958366792935	-9.59523123465474	8.37291425917406e-22	7.01942655910022e-21
Sm_t00021329-RA	30.6348967502027	-2.21113471691394	0.354416684256851	-4.58820024323533	4.47083691021337e-06	1.60127287143269e-05
Sm_t00006525-RA	1887.46257925435	-2.21101723570932	0.167808787040027	-9.68970257392697	3.3349843348288e-22	2.8460127586874e-21
Sm_t00012687-RA	245.34719274556	-2.21080068548623	0.213755407516075	-7.60589266198548	2.82944053964277e-14	1.71641735285394e-13
Sm_t00008562-RA	73.2221075991824	-2.21075244313765	0.304585339282073	-5.33759256755315	9.41888184886875e-08	3.87981537681641e-07
Sm_t00002812-RA	496.313848891715	-2.20861864255599	0.173283683361633	-9.36971451124799	7.27289794136255e-21	5.88973913015155e-20
Sm_t00006362-RA	259.802984835044	-2.20816978835743	0.252967458248198	-6.41651617800128	1.39428139658332e-10	6.90631564207107e-10
Sm_t00005916-RA	66.4592189812902	-2.20610429169804	0.310363162661962	-5.22324968528465	1.7581007148923e-07	7.09974344452749e-07
Sm_t00001084-RA	171.355735964692	-2.2050118108335	0.190598037760522	-8.49962481181982	1.90204449586546e-17	1.34255327170029e-16
Sm_t00005904-RA	114.675209605344	-2.20457784459441	0.206904955512546	-7.82764163662678	4.97106477243086e-15	3.14739631239655e-14
Sm_t00004513-RA	72.2148104800789	-2.20084119362691	0.271471196389268	-5.95216441051051	2.64619342450031e-09	1.20635714464494e-08
Sm_t00004431-RA	959.684134115525	-2.20048478778018	0.116104495625186	-13.9140588749929	5.20404178681645e-44	9.06787950677703e-43
Sm_t00006531-RA	1556.22867462479	-2.20022877108171	0.140092641786276	-11.5297188380949	9.34483997721461e-31	1.08705547723772e-29
Sm_t00012475-RA	341.138764142675	-2.19939493454422	0.142470443046614	-11.3314375952071	9.1687369460732e-30	1.03197851383573e-28
Sm_t00020478-RA	138.833816087013	-2.19862636955868	0.181290819559118	-8.90076162423927	5.54647636927474e-19	4.16748774737838e-18
Sm_t00009939-RA	125.414742243842	-2.19831861602783	0.25900073530017	-6.22901172136855	4.69386675563506e-10	2.24362790288003e-09
Sm_t00013333-RA	196.257037219534	-2.19540439428555	0.206550122158111	-7.79667606806258	6.35591193892463e-15	4.00744818616981e-14
Sm_t00008886-RA	221.020658989753	-2.1939102607118	0.207752708458034	-7.74435275791749	9.60699512704191e-15	6.00049961853259e-14
Sm_t00001685-RA	215.652323687411	-2.1933781143576	0.155725121908021	-10.3283150120607	5.24742321746127e-25	4.9722170623703e-24
Sm_t00001181-RA	576.378671767065	-2.19331638306041	0.220128607362549	-7.30625792953631	2.74684668370784e-13	1.58603022728614e-12
Sm_t00019850-RA	10.5231380004878	-2.19056015188319	0.6385227616117	-2.51449164917878	0.0119204125613247	0.0292229922658641
Sm_t00010893-RA	19.6809024601797	-2.18942097244398	0.472347956983631	-3.39669294367156	0.000682054544455666	0.00196059786049051
Sm_t00014943-RA	21.171954826334	-2.18766712489843	0.543358845755315	-2.94955559740743	0.00318231309794161	0.00844796359928467
Sm_t00011688-RA	68.2204701401431	-2.18761265473272	0.288806773906282	-5.54908263769729	2.87172425071143e-08	1.2253376682467e-07
Sm_t00002976-RA	3022.18459158024	-2.18631471039746	0.0944443860657261	-16.9551074140402	1.7643863737421e-64	5.36334821419632e-63
Sm_t00011993-RA	283.515097085163	-2.18586898920696	0.210659215495872	-7.59933044200634	2.97666812856265e-14	1.8024477530206e-13
Sm_t00015553-RA	1773.13317595972	-2.18494301389079	0.127957454711467	-12.5037108427839	7.124625022798e-36	9.94819812487587e-35
Sm_t00011804-RA	114.269756387378	-2.18374530965293	0.192202331336332	-8.31803286951452	8.94352134221355e-17	6.12083724398493e-16
Sm_t00010205-RA	188.734821667311	-2.18240577397924	0.177486850192122	-9.00013591006949	2.25438427068868e-19	1.72422099086924e-18
Sm_t00008367-RA	306.731443476382	-2.18189400871439	0.159267486116222	-10.0264909533958	1.16586520320756e-23	1.05377007894908e-22
Sm_t00014460-RA	95.452436125849	-2.18186329811768	0.276995132676511	-5.76495075089488	8.16816898159403e-09	3.61779736494e-08
Sm_t00002305-RA	130.077396909025	-2.18088128636911	0.228905887723734	-6.97177911078972	3.12957671956042e-12	1.70256332444277e-11
Sm_t00018726-RA	370.332886452723	-2.18071870919485	0.160521474268311	-9.9408425973438	2.76478514490194e-23	2.46815599913057e-22
Sm_t00003298-RA	296.716415599853	-2.17980902840175	0.160315103834152	-9.94796491571745	2.57392843543068e-23	2.3014761072144e-22
Sm_t00005627-RA	792.627640186973	-2.17963307505097	0.170584670664556	-9.34804439835466	8.92831940359918e-21	7.2058112705986e-20
Sm_t00013033-RA	1279.96818666069	-2.17953762988241	0.080510643103688	-19.8053023601965	2.67949382099914e-87	1.30131218863567e-85
Sm_t00015623-RA	1585.98940146234	-2.17884869368735	0.134065244613131	-11.8886046736921	1.35653889001802e-32	1.68510252273826e-31
Sm_t00020373-RA	19.1009376261663	-2.17780182414831	0.578319991804077	-2.75418772776563	0.0058838008383496	0.0150602880094081
Sm_t00013480-RA	973.397997524023	-2.17611735539093	0.132734644470098	-11.9872047101416	4.14663170365926e-33	5.23689089609977e-32
Sm_t00001760-RA	76.5367081379354	-2.17571667102325	0.241369246345801	-6.59038670048417	4.38682461774521e-11	2.22927774503965e-10
Sm_t00016632-RA	30.3994979935842	-2.17304885505646	0.418436853642303	-3.79519356680277	0.000147528309534404	0.000457214247483553
Sm_t00008045-RA	43.5641863753632	-2.17213384775668	0.41986505199652	-3.78010467937168	0.000156762437034983	0.0004838518947802
Sm_t00010329-RA	28.5613251522361	-2.17152567792654	0.44240395323394	-3.58614715426739	0.000335599628467962	0.0010009702078817
Sm_t00011992-RA	26.2527898800545	-2.17149834547177	0.426213533001208	-3.72230870826731	0.00019740945673125	0.000602721174895375
Sm_t00015750-RA	243.975270822377	-2.16769698138434	0.236528500335961	-6.69135845843653	2.21108302464961e-11	1.13961079902887e-10
Sm_t00021049-RA	73.8215566192519	-2.16712090936696	0.281134225498668	-5.62763536371509	1.82696781418083e-08	7.88844734282639e-08
Sm_t00013485-RA	653.858585919995	-2.16672456496734	0.226694671952348	-6.97733454141271	3.00832781314211e-12	1.63874181528192e-11
Sm_t00010819-RA	2525.84820869619	-2.16630315769093	0.151728711489834	-10.4219112003524	1.9695501076681e-25	1.89427053657825e-24
Sm_t00002682-RA	2611.17981329797	-2.16353049933957	0.0686717756652605	-22.9865979734395	6.34727946250316e-117	5.50692610866551e-115
Sm_t00004815-RA	1343.14938308944	-2.16233144376665	0.525427348847959	-3.00199722611523	0.00268214619720056	0.007179686863726
Sm_t00014177-RA	1741.18747346802	-2.16140278715236	0.120718710536571	-13.0584793371761	5.68520734620264e-39	8.62515336730816e-38
Sm_t00013445-RA	175.315021519444	-2.16102153056053	0.272494068596244	-5.78369114116658	7.30790643869703e-09	3.25109648564583e-08
Sm_t00001383-RA	120.212410014084	-2.16061167920939	0.218543571156888	-7.20959976479146	5.61165711725441e-13	3.17847617338402e-12
Sm_t00010413-RA	87.3461312637371	-2.15970543953792	0.257414971074446	-6.11738094705653	9.51257777453551e-10	4.46236168880879e-09
Sm_t00007600-RA	272.868071216995	-2.15866221387855	0.189600440182387	-8.29988692201748	1.04210534803561e-16	7.11158987610702e-16
Sm_t00008580-RA	94.234225537313	-2.15699883893538	0.217279566720512	-7.23491335454221	4.65826442357248e-13	2.65199483143781e-12
Sm_t00002035-RA	213.572215844601	-2.1561257940629	0.202394800649479	-7.76267863117628	8.31541297877834e-15	5.20549227359976e-14
Sm_t00008090-RA	1269.79386738618	-2.15380113064704	0.21674457918488	-7.23801783900151	4.55289568616987e-13	2.59289355009291e-12
Sm_t00001621-RA	561.017423396122	-2.15290401325985	0.12796068926565	-12.2530131891119	1.61867940923298e-34	2.15539261382918e-33
Sm_t00009911-RA	175.866150667026	-2.15044193532983	0.187096854989466	-8.36701362734274	5.90968653783468e-17	4.07128032867039e-16
Sm_t00007282-RA	219.870052303088	-2.1498671935003	0.225111055884142	-6.95153415434956	3.61334902486226e-12	1.9568000018256e-11
Sm_t00000108-RA	150.061914583015	-2.14767776639468	0.21814363734552	-7.16352668090677	7.86275507835298e-13	4.42492480051364e-12
Sm_t00007595-RA	284.920905380938	-2.14527552621011	0.17142928913109	-9.10156913161428	8.90360260081704e-20	6.93390426014073e-19
Sm_t00015390-RA	1675.4025003976	-2.14472761188631	0.191958944592033	-8.12531875084632	4.46188277130537e-16	2.965923511748e-15
Sm_t00011897-RA	152.116811750708	-2.1417788047209	0.23176979760922	-6.71691834216355	1.85607910652161e-11	9.61398188943935e-11
Sm_t00016916-RA	73.1076238211134	-2.13873744435187	0.260895159144309	-5.95540925116381	2.59421820656577e-09	1.18331015566738e-08
Sm_t00006369-RA	64.6436508061911	-2.13720672297222	0.321300668691345	-4.83100993625175	1.35842224204487e-06	5.10803559999624e-06
Sm_t00000116-RA	333.370492292141	-2.13714880439973	0.158585967579242	-9.78742840928946	1.2749727205396e-22	1.10790274276206e-21
Sm_t00003657-RA	214.693985566353	-2.13520812656356	0.182742685914141	-8.48301051726854	2.19440816423167e-17	1.54238190716334e-16
Sm_t00008800-RA	15.7236049209649	-2.13357459113279	0.601417915781992	-2.57487273075206	0.0100276976985481	0.0248536509838439
Sm_t00006372-RA	9697.89319038271	-2.13351088214233	0.507080146878041	-3.05377935159974	0.00225978220419417	0.00609808066701224
Sm_t00012450-RA	346.659843094529	-2.13347782575173	0.212289126255158	-7.29419284476472	3.00454829751705e-13	1.72943211955905e-12
Sm_t00011868-RA	162.422301475956	-2.13300699672974	0.251922898114716	-6.14476495909809	8.00820083452246e-10	3.77370889678855e-09
Sm_t00013232-RA	289.887324456142	-2.13146116674594	0.165661912199437	-9.33504356079258	1.00949731299949e-20	8.12377113040847e-20
Sm_t00010383-RA	29.0738927349158	-2.13111570960123	0.446802926286478	-3.46039745632708	0.000539378621605232	0.00156887883336825
Sm_t00018479-RA	26.192654828362	-2.12990250672052	0.387146746968624	-3.99048298563057	6.59388795383759e-05	0.000212746437216786
Sm_t00011866-RA	327.139446878026	-2.12789495424969	0.172230964684311	-8.95829014879946	3.29751833824526e-19	2.50364906465312e-18
Sm_t00007476-RA	269.599628371134	-2.12597958976015	0.170679933558409	-9.02847544894786	1.74080000936996e-19	1.33694082785084e-18
Sm_t00014020-RA	393.707762185889	-2.12141812888295	0.124351559344959	-12.3554391836843	4.552630194709e-35	6.18578415852059e-34
Sm_t00012727-RA	161.10738879268	-2.12106710100779	0.19980426894779	-7.68785926895872	1.49617248314811e-14	9.23425017572482e-14
Sm_t00014204-RA	259.024203082127	-2.12088529304246	0.333888374874529	-4.59999631199985	4.22498420456813e-06	1.51582569200293e-05
Sm_t00002962-RA	1820.71705723172	-2.12038546213434	0.0841661897245215	-18.2423068830809	2.38190156310989e-74	9.18465653663994e-73
Sm_t00014205-RA	182.804524990839	-2.12037310333984	0.235628173169896	-6.51608456953398	7.21662984166534e-11	3.62857289171329e-10
Sm_t00013179-RA	83.1829005261827	-2.12016526262901	0.281757044080432	-5.44854261812448	5.07842234336241e-08	2.12966829228974e-07
Sm_t00000819-RA	246.227432664022	-2.11904414709629	0.161111908957337	-9.52160617439221	1.70522773597169e-21	1.41321809083664e-20
Sm_t00000070-RA	244.66587244287	-2.11848019915873	0.218106029093069	-7.03089321067951	2.05215527311279e-12	1.12746710222668e-11
Sm_t00007547-RA	97.4011219607386	-2.11564758812237	0.242200540806878	-6.31975297422171	2.61981748663108e-10	1.2738155193316e-09
Sm_t00010473-RA	1111.80438093137	-2.11335603640559	0.198383599225528	-7.70404429787625	1.31826117609021e-14	8.17861998931499e-14
Sm_t00012729-RA	79.0612211354236	-2.1122810823228	0.344386073874668	-4.43479338505023	9.21606340497129e-06	3.22185066526782e-05
Sm_t00003631-RA	19.8636776635091	-2.11168354554348	0.450265009307623	-3.39063332478594	0.000697313280438527	0.00200066218145797
Sm_t00010766-RA	303.546975897576	-2.11142054733182	0.221949191586749	-6.87734222602572	6.09794983924912e-12	3.26622663737016e-11
Sm_t00006527-RA	538.515764332616	-2.10926555777513	0.153177785199668	-9.95095702544757	2.49769544828568e-23	2.2345118570109e-22
Sm_t00016329-RA	154.542157325159	-2.10842747821902	0.231409747111106	-6.58324680458503	4.6028412554048e-11	2.33691342982423e-10
Sm_t00011878-RA	237.49557126891	-2.10833123702749	0.290721162278218	-5.23983608585628	1.60719289658314e-07	6.52036514156891e-07
Sm_t00006994-RA	97.8894726442012	-2.10693540457778	0.252063818711342	-6.03789711811304	1.56135555846842e-09	7.2087197596915e-09
Sm_t00013479-RA	180.713651706363	-2.10655484538209	0.177719121015501	-8.56157084666975	1.11339965809005e-17	7.9396453358151e-17
Sm_t00001071-RA	16.5859637389266	-2.10578884839398	0.585260477938236	-2.59848205324138	0.00936369396010549	0.023308489836736
Sm_t00001318-RA	403.779966191502	-2.10300297232212	0.211999620613064	-7.16040419285814	8.04395318848837e-13	4.52536886909285e-12
Sm_t00012386-RA	65.3135687127806	-2.10054616243559	0.301896784141177	-5.02008051111557	5.16498268900579e-07	2.02015218674474e-06
Sm_t00009529-RA	2148.51101887675	-2.09647048652069	0.213982228871646	-7.06353277321607	1.62321894585074e-12	8.97132753814921e-12
Sm_t00018878-RA	71.8157406713822	-2.09621917887668	0.238342293826225	-6.34054138951313	2.28959151039103e-10	1.11814762181453e-09
Sm_t00004851-RA	382.30620964968	-2.09608330538104	0.154378938650015	-9.78814415097608	1.26598133790153e-22	1.10066373312963e-21
Sm_t00013228-RA	23.576122609594	-2.0940919162082	0.419141599565408	-3.60043459721707	0.00031768573442514	0.000949920833612275
Sm_t00010926-RA	250.094647007783	-2.09406306635214	0.193831738406169	-7.78542811802025	6.94775367882211e-15	4.37233399251299e-14
Sm_t00008289-RA	1766.48051015968	-2.09368956024216	0.45569671971492	-3.31073166641618	0.000930523918683445	0.00263348070632498
Sm_t00013315-RA	39.3152235058919	-2.09347287620894	0.394824076091591	-3.82062029028597	0.000133116460803696	0.000414399926007843
Sm_t00007693-RA	2906.09491504138	-2.09315069626572	0.106096835400113	-14.2148509008603	7.41091128562875e-46	1.37626488512825e-44
Sm_t00014935-RA	95.106537991829	-2.09239706512967	0.2297034593516	-6.56236118247722	5.29623387187772e-11	2.67834437880203e-10
Sm_t00003836-RA	31.5779667907322	-2.09208816227324	0.540410493341463	-2.78878404628048	0.00529063302940614	0.0136405146268143
Sm_t00015611-RA	18.4218071062751	-2.09149797136266	0.509967851660933	-2.95410380567341	0.00313578508086777	0.00832842918958791
Sm_t00009483-RA	579.242545225943	-2.08965221689829	0.131787691869577	-11.4172438681707	3.42937568155134e-30	3.92892297821749e-29
Sm_t00007540-RA	1129.03592665426	-2.08964069661054	0.137277240678421	-10.9605983422645	5.91072727098356e-28	6.22776058697306e-27
Sm_t00015538-RA	67.2426170183487	-2.08907127715384	0.385403082699548	-3.90259275203146	9.51677511096944e-05	0.000301159650073193
Sm_t00003838-RA	393.078248218952	-2.08798541152828	0.133947714537537	-11.2206872414168	3.22752438129446e-29	3.55582679521185e-28
Sm_t00000474-RA	59.1382753922213	-2.08653899086014	0.296035301420485	-5.07216194708947	3.93321437184761e-07	1.55259443142743e-06
Sm_t00013868-RA	451.174860257795	-2.0825447382475	0.153443912546296	-9.7595578305895	1.67885588564776e-22	1.45279903081145e-21
Sm_t00009212-RA	355.705817848554	-2.08149803185219	0.18611756031255	-8.04060632075288	8.93950274915884e-16	5.85815250965727e-15
Sm_t00012308-RA	21.3416425564748	-2.08138269861991	0.483526784839324	-3.09472555717292	0.00196995084162857	0.00535325303749573
Sm_t00016515-RA	21.4945806922756	-2.08130207157038	0.438924194603057	-3.40902162598617	0.000651963111278294	0.00187798746458133
Sm_t00002355-RA	522.828416665827	-2.07928158823713	0.165853672163344	-9.00963824765642	2.06737300006602e-19	1.58482740152323e-18
Sm_t00009238-RA	38.8810737840392	-2.07642880801807	0.36256787892479	-4.11351610198058	3.89677846513107e-05	0.000128462992737832
Sm_t00001395-RA	17.6850290154114	-2.07499461787536	0.497903344900043	-2.99253787534704	0.00276668334507553	0.00738935564570598
Sm_t00009961-RA	77.6851074438577	-2.07220739275323	0.249141093520484	-5.96933798330204	2.38218180840581e-09	1.08987598364251e-08
Sm_t00018129-RA	43.1327164666541	-2.07208647369974	0.34367807373517	-4.32697511813236	1.51171030817735e-05	5.17510692840491e-05
Sm_t00001374-RA	190.565677839624	-2.07151807354591	0.198557056419382	-7.48660410439489	7.06784864309952e-14	4.20336389492152e-13
Sm_t00005667-RA	74.9755012553545	-2.07106213744697	0.330918259358778	-4.49072269486283	7.09819162889972e-06	2.50163902609956e-05
Sm_t00008174-RA	17.1276857697132	-2.07050511843563	0.531901365234137	-2.79282065347158	0.00522506526413078	0.0134798106194658
Sm_t00005477-RA	16.1723485876382	-2.06981019632595	0.488484823704482	-3.03962400523668	0.00236873665392566	0.00637042544092568
Sm_t00014183-RA	161.82144024186	-2.06726184747314	0.203082311984705	-7.29882298949192	2.90295924762827e-13	1.67326972826961e-12
Sm_t00014056-RA	776.194616129354	-2.06547206844567	0.136104331466646	-10.8774794489805	1.47587626635432e-27	1.52607987864247e-26
Sm_t00017030-RA	42.2234537981328	-2.06415819397543	0.333070946866827	-4.44097033346728	8.95541416555736e-06	3.13270241851857e-05
Sm_t00001344-RA	336.184897473085	-2.0629380523002	0.162099614461696	-9.11746802858335	7.68998713404679e-20	6.00561676882098e-19
Sm_t00011920-RA	72.564855848993	-2.06134779016398	0.254398025061236	-5.80329894388375	6.50227105209624e-09	2.89921925015576e-08
Sm_t00005821-RA	984.236223330615	-2.05991786924538	0.159549774841409	-9.24424914238482	2.36898103849162e-20	1.88185437001399e-19
Sm_t00014804-RA	73.4807535555011	-2.05832376256977	0.300557293534614	-4.901973082214	9.48788395189443e-07	3.61999933281396e-06
Sm_t00003136-RA	100.213010458215	-2.05797162184781	0.33415974175084	-4.40798647416393	1.0433605924835e-05	3.63300600952973e-05
Sm_t00018822-RA	230.462881390614	-2.05649356036046	0.173787976374861	-8.4671770225717	2.51411849409766e-17	1.76263408563463e-16
Sm_t00013210-RA	408.657157834444	-2.05623926127826	0.20455566771085	-7.19236615510424	6.36779807898457e-13	3.60063748811015e-12
Sm_t00000248-RA	72.4246364655223	-2.05603333152141	0.223038618225254	-6.59541985700328	4.24054060882406e-11	2.15823175868595e-10
Sm_t00001375-RA	86.6725319476036	-2.05200013364258	0.305580672904357	-4.80069671847911	1.58114570338666e-06	5.90157408178691e-06
Sm_t00007936-RA	21.602494365116	-2.05180411902766	0.421807632249966	-3.47742432066384	0.000506255943843356	0.00147899184716637
Sm_t00009106-RA	1736.19156154522	-2.04708388948234	0.2371885701733	-6.16422573994219	7.08288406605941e-10	3.34334606892654e-09
Sm_t00011812-RA	69.1847463879924	-2.04698789490352	0.360595442092673	-4.0543715317616	5.02692672281113e-05	0.000164064548096763
Sm_t00008172-RA	76.1162311175341	-2.0461515952045	0.30361531769138	-4.8125094817836	1.49046798925772e-06	5.57812081892948e-06
Sm_t00002369-RA	648.213502108835	-2.04507294119363	0.149629234603595	-9.75793898205605	1.7058662557115e-22	1.47540602739575e-21
Sm_t00003035-RA	125.837465920433	-2.04358953686549	0.360282434088256	-4.04846142598279	5.15554289149861e-05	0.000168196305300791
Sm_t00012270-RA	316.483699814771	-2.04314008003121	0.136687319188179	-10.6677055976479	1.4414167855822e-26	1.45170017014681e-25
Sm_t00013143-RA	477.549074830643	-2.04199478623265	0.158333802619841	-9.20204506002356	3.51200998691465e-20	2.76741070775895e-19
Sm_t00017034-RA	287.222133120775	-2.04082817308074	0.161971903309852	-8.98815253344118	2.51420936052562e-19	1.91853868656142e-18
Sm_t00012004-RA	13.0523075297938	-2.03967505904085	0.54567215714896	-2.66584072502666	0.00767960671799354	0.0193652571462816
Sm_t00008890-RA	215.004125906378	-2.0370422162184	0.202015783665841	-7.18776617286624	6.58599244969936e-13	3.72148786387693e-12
Sm_t00012952-RA	888.479634195302	-2.03520398012726	0.0901747972778694	-16.0821429479739	3.4039749459307e-58	8.75052695205456e-57
Sm_t00017938-RA	465.802550086987	-2.03516677390984	0.189730959808291	-7.6432795964092	2.11757465036045e-14	1.29352983225905e-13
Sm_t00008497-RA	19.822535787927	-2.0335387469232	0.565020760061675	-2.56369119386884	0.0103565642762881	0.0256115866559393
Sm_t00011298-RA	198.205167081102	-2.03347599917692	0.177107891473929	-8.17849496779846	2.87411001600091e-16	1.92431369158131e-15
Sm_t00007410-RA	1306.72009357606	-2.03221632500931	0.188075850465063	-7.69485461015183	1.41655154318335e-14	8.75256513588586e-14
Sm_t00006501-RA	119.321645900234	-2.03161507748824	0.200312844376155	-7.22177892283197	5.13118450491135e-13	2.91624945352485e-12
Sm_t00008661-RA	41.2003116360846	-2.03141471027554	0.308262439830471	-4.69215357884989	2.70344056717212e-06	9.84778328623511e-06
Sm_plastid_g00148	22.6037419729401	-2.03114612034	0.506061777760483	-2.85764739384143	0.00426794365522824	0.0111522204562811
Sm_t00003960-RA	984.106925659009	-2.03091504127837	0.129880165809723	-11.1326855202562	8.69749859108396e-29	9.46328749381297e-28
Sm_t00008504-RA	43.9824824002308	-2.0304226344293	0.29427623428935	-4.91178853745991	9.02493559652767e-07	3.4504791638044e-06
Sm_t00019724-RA	13.5419591133753	-2.03040901799661	0.591796291844519	-2.44240972428458	0.0145895779991965	0.0353194579727678
Sm_t00002764-RA	346.478980179789	-2.02588332133137	0.32625749816919	-4.41639910014929	1.00358714088407e-05	3.49743819934034e-05
Sm_t00005626-RA	1088.07583107992	-2.02531142711446	0.185181270175467	-7.77784613827142	7.3769712006477e-15	4.63544271068991e-14
Sm_t00006579-RA	1100.63515043015	-2.02517944266672	0.154618970097199	-9.31437741281921	1.2266984216497e-20	9.84313213287123e-20
Sm_t00018440-RA	837.432224683358	-2.02510171396859	0.13884010598874	-10.3723755013942	3.31187649697931e-25	3.15794153902011e-24
Sm_t00005318-RA	301.952607551365	-2.02386791617005	0.167889038402986	-8.57035057116901	1.03170478317018e-17	7.37602501203812e-17
Sm_t00012090-RA	164.797483279595	-2.0225369901395	0.178392366316376	-8.05828758160003	7.73706260198609e-16	5.08017299266394e-15
Sm_t00010052-RA	54.3038182455683	-2.02241377249509	0.390839141220453	-3.67776310224854	0.000235288328865137	0.000712753770182842
Sm_t00000855-RA	443.700898676924	-2.02190091461925	0.167518402702447	-8.57757053218522	9.68979631968143e-18	6.94845575089338e-17
Sm_t00001243-RA	510.561608151696	-2.01892135127514	0.127497170034854	-11.2466916001598	2.40442542160784e-29	2.6577915509717e-28
Sm_t00016537-RA	20.3180868532907	-2.01890964776212	0.52145498761569	-2.74982439868598	0.00596272092438625	0.0152482353635901
Sm_t00004955-RA	554.079778129106	-2.01809109743564	0.116976038730008	-12.2511508595649	1.65628657235198e-34	2.20370780529068e-33
Sm_t00005197-RA	55.5086547811248	-2.0116583636948	0.328234922443701	-4.34645513363834	1.38355335661205e-05	4.75691059121642e-05
Sm_t00010844-RA	78.395593076953	-2.01118836383733	0.255643322866726	-5.57882110060366	2.42154129938057e-08	1.03830205830326e-07
Sm_t00001699-RA	165.92872697829	-2.01114602813783	0.180003830262475	-7.92286489714289	2.3209972370848e-15	1.49278656275516e-14
Sm_t00022508-RA	487.953883299347	-2.00882865486619	0.210458633214433	-6.76536112165792	1.32977097562943e-11	6.97459852394048e-11
Sm_t00004510-RA	383.56102382844	-2.00878724690059	0.207598223285649	-6.85837876821085	6.9646398523272e-12	3.71611052722827e-11
Sm_t00005143-RA	390.367543795263	-2.00684249517425	0.237304953499102	-5.9916258561355	2.07753452360438e-09	9.5232719026422e-09
Sm_t00011501-RA	62.1651993820381	-2.00666338342868	0.35417892467082	-4.01396944990446	5.97060776148446e-05	0.000193273191004291
Sm_t00001560-RA	1318.30540866192	-2.00557158973586	0.406956280150153	-3.49072285900518	0.000481715666426361	0.00141125915781398
Sm_t00010045-RA	365.306084414227	-2.00458811116512	0.155977978996713	-9.10120851863992	8.93321880613983e-20	6.95046982123668e-19
Sm_t00018733-RA	235.402972083627	-2.00138187376123	0.224039249039155	-6.32202562647266	2.58156552939004e-10	1.25594972513374e-09
Sm_t00011628-RA	985.674093657737	-1.99942358468119	0.163343398596818	-8.6592026175017	4.75075721283937e-18	3.44528139536257e-17
Sm_t00009486-RA	259.518855082625	-1.9978073644675	0.199663406858794	-7.07594539577632	1.48433304645322e-12	8.23377285641619e-12
Sm_t00001789-RA	242.491509215776	-1.99686326369211	0.185058769032172	-7.62926972375279	2.36087228881722e-14	1.43740535771627e-13
Sm_t00010382-RA	359.425449357195	-1.99684515369524	0.213042893212229	-6.62704647128873	3.42469844393284e-11	1.74888493804516e-10
Sm_t00014228-RA	551.671096313452	-1.99657297158217	0.13180260366688	-10.7097502804255	9.16085847604512e-27	9.3049744203634e-26
Sm_t00011566-RA	507.093015888369	-1.99645896421792	0.157418385252889	-8.96629044917745	3.06668583943871e-19	2.33051335371213e-18
Sm_t00001678-RA	898.041705323816	-1.99600771299684	0.138720675477402	-10.1715746995962	2.65579899703751e-24	2.45234477231989e-23
Sm_t00016362-RA	193.937832153607	-1.99590560176731	0.24670449579642	-5.71901049963671	1.07146174789661e-08	4.7031382862877e-08
Sm_t00012493-RA	646.915945848611	-1.9940518828923	0.30385477295273	-4.63725440018514	3.53067750093833e-06	1.27358219598594e-05
Sm_t00013974-RA	206.685496293726	-1.99298913686991	0.184069558999806	-7.64922317693713	2.02197050963674e-14	1.23694398639474e-13
Sm_t00001558-RA	339.883348092989	-1.99107047879838	0.151239144350206	-9.29700101676401	1.44462843655857e-20	1.155286629678e-19
Sm_t00005599-RA	385.475730149074	-1.9891379342805	0.407614228310697	-3.44477164131331	0.000571542027495493	0.00165664644058116
Sm_t00001627-RA	157.185160284186	-1.98699834752302	0.199296229236126	-7.03474598037643	1.9962434257941e-12	1.09819758873442e-11
Sm_t00005103-RA	241.500698718681	-1.98507821638659	0.186441489361204	-7.50947775188674	5.9363706118958e-14	3.54564581043242e-13
Sm_t00014324-RA	200.766895306458	-1.9833363670629	0.197946625377072	-7.06420917456501	1.61533265860235e-12	8.93070409127048e-12
Sm_t00005990-RA	60.8236485084476	-1.98289132562597	0.34155234124306	-4.09275872780853	4.26271196741516e-05	0.000139917745720595
Sm_t00008430-RA	106.71192625456	-1.98203398392245	0.285116119268514	-4.89987724126802	9.58965540768967e-07	3.65715384114685e-06
Sm_t00002019-RA	90.4288282939676	-1.98142782748304	0.269487004365512	-5.18180025330286	2.19754483261587e-07	8.81239812751932e-07
Sm_t00006971-RA	15.6036113255673	-1.98096394897499	0.590352394033641	-2.36462825099586	0.0180481771352137	0.0430910899696703
Sm_t00001989-RA	72.1761631699482	-1.97952514120849	0.281876557368038	-4.94729024020149	7.52537273934915e-07	2.90179766416848e-06
Sm_t00000418-RA	171.289082363064	-1.97950662090285	0.204112079945498	-6.83206315508227	8.37019828977826e-12	4.45323420987308e-11
Sm_t00004354-RA	222.308987404769	-1.97713394509386	0.161519285436186	-8.61899519512095	6.75441893101399e-18	4.87711792600048e-17
Sm_t00011764-RA	411.048795436883	-1.97616125512678	0.229916869767698	-6.05071414086482	1.44205134927989e-09	6.68569200565109e-09
Sm_t00010713-RA	177.557265010716	-1.97569806152713	0.221446513059402	-6.28006303785909	3.38435778192812e-10	1.63505313025982e-09
Sm_t00012797-RA	155.072610672169	-1.9744961644691	0.195056480701707	-7.12355805595616	1.05175919094125e-12	5.88321175376068e-12
Sm_t00012865-RA	592.870330330041	-1.97353812200691	0.17366014674382	-7.99572122932303	1.28817548500631e-15	8.37892511879541e-15
Sm_t00019925-RA	274.878433060653	-1.97350864243559	0.168929449682809	-8.21945874471697	2.04423666591639e-16	1.38257792857634e-15
Sm_t00009945-RA	74.8722762074073	-1.97341642536147	0.256771651628558	-5.40720292351405	6.40166007021033e-08	2.66597133623909e-07
Sm_t00005146-RA	576.327032595926	-1.97203044970968	0.201304286293397	-6.89021816300577	5.57068893050828e-12	2.98861630287945e-11
Sm_t00001772-RA	176.823785281332	-1.97143190936695	0.398736179053592	-3.47706574471792	0.000506933496965165	0.00148071158906641
Sm_t00012322-RA	56.9244053171011	-1.97099906804706	0.278795394130552	-4.97138438161583	6.64765032876803e-07	2.57586785709741e-06
Sm_t00008224-RA	38.4677211891792	-1.9697105394086	0.375893953076879	-3.68377976840025	0.000229800805786704	0.000697144750099236
Sm_t00013356-RA	21.1256915922795	-1.96957857167079	0.439762208709016	-3.14847102422788	0.00164126993904826	0.00450862048889609
Sm_t00013090-RA	291.321742793482	-1.96913432592625	0.169150790981394	-8.18284276352273	2.77224796056634e-16	1.85910251719461e-15
Sm_t00001747-RA	221.414924410574	-1.9665503526631	0.365884330029318	-3.77592107470794	0.000159417467664988	0.000491591295143162
Sm_t00006356-RA	267.492578328438	-1.96620473048675	0.184454995901681	-7.48803101664412	6.99145073325441e-14	4.15941379694828e-13
Sm_t00004950-RA	239.339153596642	-1.96291031113643	0.21492703980806	-6.41106075981396	1.44510583776761e-10	7.14107773525151e-10
Sm_t00014313-RA	46.2241369304743	-1.96226927810418	0.32532721858629	-4.23348923612696	2.30093200203501e-05	7.74634706748165e-05
Sm_t00015470-RA	45.7874931241952	-1.95755115568322	0.3145579915672	-4.36342802433618	1.28040079496793e-05	4.41683918877114e-05
Sm_t00007362-RA	135.471708580259	-1.95575468370651	0.193234118631309	-7.09375080040556	1.30525078250507e-12	7.262146805267e-12
Sm_t00006219-RA	47.0713377712872	-1.9546002564641	0.277036972970776	-4.94374538451433	7.66357811590078e-07	2.95372244920581e-06
Sm_t00010185-RA	158.05133936042	-1.95447210874393	0.194766625555636	-7.03134895332843	2.04546221188327e-12	1.12453166750995e-11
Sm_t00002583-RA	61.3787320645762	-1.9543558572105	0.287913555568902	-4.75613541191112	1.97334129715131e-06	7.29190757052939e-06
Sm_t00019197-RA	13.251218748107	-1.95286072940624	0.518330821450023	-2.63897239523528	0.00831577519663138	0.020874650877861
Sm_t00007121-RA	33.4452199697729	-1.95224047859565	0.564951089733911	-2.42010415315708	0.0155160622556397	0.0374155421329539
Sm_t00005982-RA	66.2801878850217	-1.95216296890197	0.334094863684915	-4.09214004017537	4.27410393624089e-05	0.000140236406086076
Sm_t00011901-RA	124.650866708244	-1.95200436498397	0.204690056788915	-6.67841118630243	2.41546534689425e-11	1.24226062823601e-10
Sm_t00014526-RA	16.6223560709874	-1.94988804987065	0.502722900760914	-2.7149907987179	0.00662776118791275	0.0168557627279772
Sm_t00007554-RA	87.5497925370728	-1.94982175052324	0.264184508331517	-5.16616874752765	2.38941085341495e-07	9.55879106536654e-07
Sm_t00007687-RA	35.2397729260767	-1.94955780081294	0.311038615722338	-4.38710093164469	1.14871492369829e-05	3.98071420823093e-05
Sm_t00002484-RA	529.32205560614	-1.94921455640301	0.239535878931483	-5.69524099057091	1.23197780452839e-08	5.38784097344024e-08
Sm_t00009901-RA	186.560991102085	-1.94831179569892	0.175803822392462	-7.75473352709866	8.85291720697587e-15	5.5357317880557e-14
Sm_t00010558-RA	64.0516189594951	-1.94823146851982	0.269848605368049	-5.05183810996723	4.37578512415743e-07	1.72036413967936e-06
Sm_t00007039-RA	40.2248151170255	-1.94736684551187	0.353656105035964	-3.85223618682711	0.000117044046452822	0.000366902470043492
Sm_t00008574-RA	13.0798680250041	-1.94691098634858	0.537373585810497	-2.53438394128448	0.0112645234469246	0.0277211451586452
Sm_t00009310-RA	70.8535906040286	-1.94687018139115	0.263001073716708	-5.17819247710789	2.24046014551832e-07	8.97585019337283e-07
Sm_t00012136-RA	42.7417058652831	-1.94683379927425	0.309904769047746	-4.39436218893564	1.11098454974112e-05	3.85557929783073e-05
Sm_t00000293-RA	143.937034154991	-1.94679341780956	0.198609748888271	-6.85662927138409	7.05042819759123e-12	3.75827305329519e-11
Sm_t00009096-RA	53.9306891152957	-1.94624713505119	0.351231973156942	-3.87563558868525	0.000106346741010651	0.000334881665738266
Sm_t00000410-RA	616.658278685552	-1.94527148829713	0.104723250305867	-12.9892023435499	1.40887759315611e-38	2.11897469772065e-37
Sm_t00002104-RA	181.850057761557	-1.94468140230355	0.310178957824089	-4.38353849610477	1.16767003664452e-05	4.04387681297807e-05
Sm_t00010324-RA	397.215184830215	-1.94440767203872	0.157797107117261	-8.61490870696717	6.99973483541627e-18	5.04987366341984e-17
Sm_t00003675-RA	826.368913027659	-1.94269844455405	0.160674506495378	-8.44999293396368	2.91320453358837e-17	2.03643143602665e-16
Sm_t00005782-RA	959.569873861268	-1.94248603061451	0.247844607638933	-5.47716588852371	4.32192009334929e-08	1.82264670670918e-07
Sm_t00007583-RA	1006.98855590658	-1.94166147887168	0.145297959131373	-9.33709934387335	9.90093541879118e-21	7.97147328207943e-20
Sm_t00009646-RA	202.193187854937	-1.94107248519106	0.168602735832905	-8.04300403841014	8.76624377724154e-16	5.74687480681974e-15
Sm_t00007320-RA	166.894342201677	-1.93896759257278	0.201739467367637	-6.71146608167353	1.92678585574055e-11	9.97092226931537e-11
Sm_t00002203-RA	44.7488288381714	-1.93862398071322	0.347578917231246	-3.89443638151576	9.84273190389435e-05	0.000311001950028589
Sm_t00008725-RA	26.3253992306025	-1.93793529401173	0.379399141089879	-3.56599461486714	0.000362478813958003	0.00107670686214558
Sm_t00011917-RA	64.2077338087327	-1.93742721062621	0.340022892135719	-3.97745928849518	6.96555438417207e-05	0.000224130200756304
Sm_t00007230-RA	33.5044068213902	-1.93689095094524	0.419954909471432	-3.21913357947587	0.00128578573070264	0.00357274707290151
Sm_t00010170-RA	269.009308582641	-1.93621934827751	0.159835679137141	-8.45380302803451	2.81964836680756e-17	1.97268805099876e-16
Sm_t00011623-RA	866.161275096804	-1.93558361534976	0.244196809650923	-5.53071769152269	3.18923237947129e-08	1.35629902928856e-07
Sm_t00008158-RA	24.5864125343	-1.93518683712136	0.537676862601621	-2.51114922555586	0.012033881519618	0.0294794703461465
Sm_t00002002-RA	219.997085691737	-1.9347777129246	0.193735779965463	-6.96710598922525	3.23526939547799e-12	1.75662052118228e-11
Sm_t00010445-RA	134.51380435035	-1.9314512587226	0.258135920321137	-5.21605539069312	1.82773540622218e-07	7.37201365541142e-07
Sm_t00001751-RA	415.940670710587	-1.93025343472454	0.218640896354046	-6.15279875429236	7.61273814627172e-10	3.59243603514431e-09
Sm_t00012591-RA	1141.51129872988	-1.93022667782161	0.103675488500256	-12.9753589520659	1.68803677716008e-38	2.53099159621355e-37
Sm_t00010660-RA	42.8774947951662	-1.9297422145523	0.330800997236733	-4.06510931280524	4.80099546156173e-05	0.000156936778647361
Sm_t00012535-RA	263.542481905875	-1.92787434349684	0.237461028872988	-5.65513570740534	1.55723183450797e-08	6.75530414042544e-08
Sm_t00002883-RA	185.306427456388	-1.92724362009341	0.193827842494843	-6.92492679491661	4.36201028277292e-12	2.35001187873322e-11
Sm_t00008941-RA	14.7798956587796	-1.92658752497289	0.540838844416059	-2.48056798956701	0.0131173245089126	0.0319410015596355
Sm_t00007695-RA	234.715421306507	-1.92555975012625	0.286168868745669	-4.68450588633967	2.806361027717e-06	1.02026106503077e-05
Sm_t00006685-RA	72.8659986359443	-1.92553302960595	0.236742508609306	-5.66240949916697	1.49262101973383e-08	6.48008364522444e-08
Sm_t00014624-RA	655.016245675995	-1.9248885570145	0.441019943794735	-3.03815864989118	0.00238028603885231	0.00640045275790182
Sm_t00001922-RA	54.6423730954973	-1.9242606287438	0.282636914042695	-4.73844909211501	2.15360115622105e-06	7.91760937107265e-06
Sm_t00005252-RA	14.5954643165187	-1.92348684576075	0.528666564090103	-2.53181671903999	0.0113473286789503	0.0279084307004215
Sm_t00018419-RA	55.2827840499024	-1.92307282846476	0.305449521440364	-4.38066762113426	1.18316234408104e-05	4.09412512000456e-05
Sm_t00017255-RA	2657.80286792717	-1.92295313076635	0.119710351340535	-11.176586784549	5.30928935609708e-29	5.80329016363945e-28
Sm_t00014902-RA	64.772512709913	-1.92166661869078	0.245675214387909	-5.44078743157316	5.30455785014557e-08	2.22018403687751e-07
Sm_t00010325-RA	284.160324703766	-1.9215381897208	0.177854121286204	-7.51480021972635	5.69979062002625e-14	3.40678550945093e-13
Sm_t00011239-RA	457.944718821715	-1.92116474785554	0.186415235793084	-7.16767994939343	7.62793696759429e-13	4.29713134954974e-12
Sm_t00022521-RA	380.94875058821	-1.92029151974008	0.129195329140454	-10.3354473309823	4.87133932097956e-25	4.62111448797708e-24
Sm_t00012036-RA	155.342730010091	-1.91997095371153	0.198681446847058	-6.71915256757301	1.82784450421496e-11	9.47657446349603e-11
Sm_t00000664-RA	195.550271668969	-1.91946998166524	0.17232042007787	-7.74411982667059	9.62462113178018e-15	6.003526529606e-14
Sm_t00003133-RA	499.37590200121	-1.9177254839917	0.182165585649155	-7.31601130500293	2.55450152047559e-13	1.47804398499765e-12
Sm_t00009900-RA	54.816123960657	-1.91709577846614	0.30969468534295	-4.30131946562468	1.69784071759735e-05	5.79204917582692e-05
Sm_t00008853-RA	610.280033302434	-1.9161444245274	0.404931920707219	-3.28732894705495	0.00101142613356408	0.00284600279272136
Sm_t00000286-RA	347.517222908787	-1.91472576910129	0.16253620898939	-8.18110485884467	2.81253020915622e-16	1.88535727260058e-15
Sm_t00009073-RA	42.1654023613229	-1.91425994337334	0.316566301408796	-4.19899382043449	2.68103636157447e-05	8.9608153513458e-05
Sm_t00006658-RA	227.626288667088	-1.91255160485117	0.217069545661484	-6.11578930063947	9.60802042945983e-10	4.50212107774801e-09
Sm_t00011627-RA	217.499046633029	-1.91215892226841	0.159124637381702	-8.3403735845435	7.40561948015251e-17	5.08084058074055e-16
Sm_t00005464-RA	166.117056122827	-1.91121274177989	0.190339977619239	-6.96759954670626	3.22394327054195e-12	1.75104163680104e-11
Sm_t00007974-RA	360.065195707056	-1.90866395222026	0.141019452621603	-9.38639264025544	6.20904026824123e-21	5.0453752579689e-20
Sm_t00006270-RA	185.519744836004	-1.90859288854886	0.306479173906217	-4.31870417711934	1.56947983996665e-05	5.36515394503682e-05
Sm_t00005439-RA	57.3655509365831	-1.90837705443024	0.336095865094413	-3.93749876708091	8.23353548505414e-05	0.000262445912954519
Sm_t00017056-RA	82.8973644040899	-1.90812525197988	0.216323342187969	-6.11642386160151	9.56985773648405e-10	4.48676302207575e-09
Sm_t00020359-RA	334.426904244827	-1.90729854141821	0.177072645147836	-7.46754836307009	8.17027021966395e-14	4.83826382222404e-13
Sm_t00014996-RA	30.0572132511341	-1.90722685787314	0.545572257280622	-2.42355955646226	0.0153692329447712	0.037082949361819
Sm_t00005737-RA	55.6481169892467	-1.90672642676813	0.307093762598635	-4.30398330328706	1.67754311794173e-05	5.72516149532336e-05
Sm_t00004151-RA	149.85203748671	-1.90601536006982	0.309011364796974	-4.27497338467712	1.9116012942753e-05	6.48410799430623e-05
Sm_t00007458-RA	607.327389159187	-1.90590634726285	0.126556617129518	-10.4372760367878	1.67549537557183e-25	1.6217549079765e-24
Sm_t00009055-RA	28.0573985930015	-1.904093293428	0.351209454045331	-3.75585929773334	0.000172747730937176	0.000531026333631939
Sm_t00010199-RA	459.258784494097	-1.90398523374522	0.167910271563923	-7.85529807950486	3.98822516105672e-15	2.53959689345883e-14
Sm_t00012435-RA	251.118151844656	-1.90211601253522	0.148631440843459	-8.86162446559626	7.88568429090584e-19	5.8747642628761e-18
Sm_t00007271-RA	284.595625355772	-1.90106249773109	0.198410418895564	-6.63303119391031	3.28862274928454e-11	1.68042569808533e-10
Sm_t00012974-RA	42.2526220920679	-1.90014291463432	0.422972641283646	-3.10928600640244	0.00187540081729605	0.00511551118626455
Sm_t00008502-RA	76.4783484345925	-1.89690722442621	0.218061928829767	-6.01621397860042	1.78543532309017e-09	8.21369279537035e-09
Sm_t00014722-RA	196.038107279496	-1.89595487869025	0.171300898178687	-7.65293639804952	1.96441086131541e-14	1.20349967369592e-13
Sm_t00014210-RA	283.930499794212	-1.89562778285031	0.193630995794707	-6.76868792349685	1.29955513486388e-11	6.82041255090186e-11
Sm_t00003463-RA	932.489882317542	-1.89359195961032	0.119665643208602	-10.9354023805244	7.8058918198776e-28	8.16774786027143e-27
Sm_t00007642-RA	301.067351849967	-1.89228663737898	0.182052193425842	-7.18083431338326	6.92872804762557e-13	3.91250006160498e-12
Sm_t00009226-RA	129.181124630402	-1.89178866473547	0.224202022074603	-5.82862122581855	5.58871916517247e-09	2.50193184233924e-08
Sm_t00001629-RA	450.180245156987	-1.89170152953084	0.15497408660859	-8.4317420939612	3.40556883932954e-17	2.37165408551637e-16
Sm_t00003398-RA	438.877885156497	-1.89128377639551	0.145182720228388	-8.9975155055683	2.30883220614029e-19	1.76505401055002e-18
Sm_t00005387-RA	35.0835881708992	-1.89121178588939	0.370310493832628	-3.52734207548482	0.00041975407916433	0.00123756875233972
Sm_t00007737-RA	47.75008284143	-1.89090094033065	0.548779264515293	-2.37964701797559	0.0173292288097725	0.041475616884079
Sm_t00013261-RA	25.6753995134537	-1.88878046752008	0.409237068192989	-3.18588067614941	0.00144314105340959	0.00398340408743944
Sm_t00002967-RA	174.368892848074	-1.88681612882296	0.265784171781079	-4.89801977333414	9.68072952040647e-07	3.68935237590782e-06
Sm_t00002476-RA	107.798142060382	-1.88631335905534	0.267396980334606	-4.86659706264052	1.13536175473377e-06	4.29544767439363e-06
Sm_t00000610-RA	338.350675782388	-1.88474743630002	0.539593442767381	-2.40875320803397	0.0160071181393238	0.0385271743916855
Sm_t00010084-RA	99.8827935125688	-1.88458091504113	0.219932016144503	-5.90901196571244	3.44165705954836e-09	1.55875811033052e-08
Sm_t00012441-RA	60.0246260405302	-1.88382230625879	0.330573060167367	-3.92900227744271	8.529903180258e-05	0.000271321610037689
Sm_t00015467-RA	77.7142778564128	-1.8837640564115	0.281374614159844	-4.61578262946524	3.9161668004311e-06	1.40775801816101e-05
Sm_t00001971-RA	130.888930153877	-1.88372862215	0.20160704772508	-6.44188105924251	1.18001743431037e-10	5.86592969881889e-10
Sm_t00001007-RA	80.1821106363122	-1.88330636554339	0.236172714253771	-5.49727503300122	3.85704894314288e-08	1.63031518129597e-07
Sm_t00012145-RA	1046.03914231243	-1.88266937067347	0.129608058013277	-10.0122584240907	1.3464318700573e-23	1.21368301360468e-22
Sm_t00009794-RA	34.4882411084439	-1.88215019359867	0.330424764882727	-3.92570512703263	8.64760396458742e-05	0.000274855536809955
Sm_t00009416-RA	916.235996954118	-1.88195817039345	0.150161739132948	-8.63707478271257	5.76706355465334e-18	4.17141748560205e-17
Sm_t00018501-RA	431.052739215137	-1.88023691540049	0.126424804881785	-10.2451169816842	1.24474214901079e-24	1.16292286697822e-23
Sm_t00017862-RA	26.9982363563405	-1.87937148865176	0.452562590433083	-2.86009386549848	0.00423515633300163	0.0110700194877046
Sm_t00007538-RA	219.042626408712	-1.87918481771642	0.198006724218328	-6.53606498883049	6.31584798847009e-11	3.18141505267417e-10
Sm_t00014528-RA	27.2918697098308	-1.87852711738159	0.419049995609631	-3.08680856922519	0.00202317841546402	0.00548715500566584
Sm_t00002582-RA	68.3635553774322	-1.87807215519368	0.286370138958569	-4.51538753270906	6.32010818574147e-06	2.23715176706505e-05
Sm_t00004953-RA	1162.85592935542	-1.87672840959628	0.0771796271987448	-16.7366500264371	7.08658019952885e-63	2.06378064621943e-61
Sm_t00018498-RA	23.14139525535	-1.87237524972102	0.45268732346353	-2.84385089441262	0.00445719008015532	0.011612116414643
Sm_t00007860-RA	106.163554940899	-1.87038071143565	0.358255132354233	-3.58789196679169	0.00033336235509155	0.00099483162148245
Sm_t00021549-RA	330.592286890323	-1.86898157683431	0.134471843614974	-9.54833028474465	1.31803355426419e-21	1.09559894944775e-20
Sm_t00005729-RA	30.5039392929459	-1.86822646201093	0.432800282784156	-2.96493905631501	0.00302742897310976	0.00805605620352434
Sm_t00010696-RA	104.25584651743	-1.86755202811992	0.22521883175947	-5.69469266002439	1.23594353166733e-08	5.40180769825806e-08
Sm_t00003317-RA	52.0872027365102	-1.8673448245384	0.273530757901247	-4.68811929736019	2.7572727647888e-06	1.00323604031263e-05
Sm_t00000137-RA	279.2251536888	-1.86601783845778	0.135263734217098	-9.47051954370674	2.78455232252096e-21	2.29175259824872e-20
Sm_t00000816-RA	394.271134217688	-1.8658959142606	0.173130319130574	-7.39844944948411	1.37783823225215e-13	8.08454711970986e-13
Sm_t00017066-RA	96.7365569013155	-1.86585167101594	0.244750486432925	-5.23329571141408	1.6651402328731e-07	6.73904421749275e-07
Sm_t00004377-RA	95.6402332967923	-1.86490069198361	0.318771429304711	-4.01510478770093	5.94193891600585e-05	0.000192419942579365
Sm_t00005704-RA	119.730685073635	-1.86466713005429	0.179746629854629	-7.11928302126848	1.08489930961717e-12	6.06247993948436e-12
Sm_t00006945-RA	168.007488982084	-1.864262564607	0.204083111767535	-6.2683411357632	3.64914653948459e-10	1.75737158296428e-09
Sm_t00004206-RA	1229.93891032295	-1.86400080350387	0.159200266880957	-8.03391117717315	9.44135574483154e-16	6.17972903722608e-15
Sm_t00001005-RA	128.922744965741	-1.8636680662553	0.211352518420219	-6.04993058901246	1.44908254652436e-09	6.7164209961054e-09
Sm_t00017683-RA	292.412857206421	-1.86307147872476	0.193772136800254	-6.59574436154481	4.23127474186226e-11	2.15417404186863e-10
Sm_t00018469-RA	31.049775650259	-1.86032983715309	0.428046789035133	-2.97941689979227	0.00288797552769873	0.00769972732720958
Sm_t00003611-RA	409.860888044798	-1.85873290366031	0.183664911630447	-6.93509115243086	4.05959316861902e-12	2.19054957607873e-11
Sm_t00015643-RA	134.351079965242	-1.85856448704122	0.298960278831403	-4.25997892435551	2.04446180666564e-05	6.9192695602268e-05
Sm_t00014083-RA	188.053137816108	-1.85829088364852	0.175250114052674	-7.26556379453092	3.7148555714612e-13	2.12653141269418e-12
Sm_t00011331-RA	6346.35030567906	-1.8579884336445	0.250091736559625	-5.09008594668622	3.57901258123351e-07	1.41646927009237e-06
Sm_t00015409-RA	2417.61533889564	-1.85551059837292	0.165943628585968	-7.6562782747319	1.91398760303846e-14	1.1734709418997e-13
Sm_t00006102-RA	1672.38579125166	-1.85510386954179	0.0842950248321976	-15.0673645576371	2.65494146598194e-51	5.64107333422541e-50
Sm_t00003515-RA	30.6019458895783	-1.85413897358678	0.381714746819924	-3.32483610905791	0.000884705244402407	0.00250849701468175
Sm_t00008119-RA	38.217183156839	-1.853978285663	0.361539246556439	-3.50993231785944	0.000448220768859645	0.00131637192659802
Sm_t00014124-RA	189.070685897854	-1.85323114708284	0.198305017851604	-6.39535580502498	1.60173934468159e-10	7.88002776246484e-10
Sm_t00002714-RA	42.6394413661267	-1.85247551230215	0.308888034305014	-4.10334934195142	4.07211660934238e-05	0.000133846326910863
Sm_t00006342-RA	34.1250764457274	-1.84935034604435	0.31086248820039	-4.06723356479511	4.75745539068145e-05	0.000155605128407562
Sm_t00010320-RA	12.2157999776474	-1.84904782266782	0.517774941478819	-2.44130745118249	0.0146341899599051	0.0354171634973267
Sm_t00012375-RA	158.63436009798	-1.84866396301425	0.233628554906442	-5.40885921894389	6.34274623088873e-08	2.64301966542058e-07
Sm_t00010422-RA	91.2565012144592	-1.84697995275818	0.24629804540557	-5.12379199225932	2.99451326859156e-07	1.19136857005489e-06
Sm_t00004154-RA	1440.81129255417	-1.84678963902035	0.142660303655291	-8.84471437877492	9.17627209611872e-19	6.8149059552896e-18
Sm_t00015361-RA	47.2084874556425	-1.84585677054934	0.350581426491467	-3.59647338755988	0.000322560566308655	0.000963805186290507
Sm_t00016452-RA	48.5470947799449	-1.84551970138848	0.364361318426942	-3.45953216667049	0.000541114641463402	0.00157345031337341
Sm_t00022466-RA	181.009547564274	-1.8447446633705	0.16620268588718	-7.57956862517632	3.46705777767544e-14	2.09406267079469e-13
Sm_t00004316-RA	60.8372120498942	-1.84408636403252	0.295712426461285	-4.25780674522098	2.06442288443097e-05	6.98256982920836e-05
Sm_t00022463-RA	424.809358587882	-1.84219194144964	0.215174242335612	-5.84266930745722	5.13709322074435e-09	2.3040845145708e-08
Sm_t00006637-RA	101.80475744872	-1.84130047180578	0.244146674244878	-5.145679234384	2.66554557551303e-07	1.06302748855389e-06
Sm_t00000592-RA	25.4572891062235	-1.8397130904177	0.478982000355813	-2.61954121341854	0.00880481327724055	0.0220159981345351
Sm_t00002889-RA	1291.68804845249	-1.83820101717176	0.11285512609892	-11.104511248105	1.19268055216217e-28	1.29515467000766e-27
Sm_t00008259-RA	162.022078178815	-1.83785435169583	0.230283142620316	-5.4404952852389	5.31326461105687e-08	2.22326957776904e-07
Sm_t00008805-RA	34.4064570260466	-1.8371950004493	0.409974972922215	-3.05432058821524	0.00225570889927343	0.00608807499094246
Sm_t00005839-RA	2068.02122418457	-1.83702246376373	0.0991877764351302	-12.6227495842955	1.58199573884354e-36	2.23140431986924e-35
Sm_t00013140-RA	15.9848507509363	-1.83663289372155	0.508969447976123	-2.45915132764564	0.0139265901665611	0.0337881064658571
Sm_t00003951-RA	227.05064720688	-1.83605724747434	0.289788502398038	-4.31713900697121	1.5806462147918e-05	5.40183787721757e-05
Sm_t00011048-RA	719.881322187083	-1.83438843902733	0.405542310025102	-3.08078444133238	0.0020645605424244	0.00559574512133186
Sm_t00002217-RA	1920.11662730869	-1.83312255857047	0.372505205234249	-3.35061776596004	0.000806315159037759	0.00229993115055668
Sm_t00010455-RA	185.664442947523	-1.83260056965672	0.163861009342672	-7.61377325003349	2.66207656595732e-14	1.61724549364395e-13
Sm_t00011198-RA	41.5506369255309	-1.83254248599836	0.316783675459262	-3.93815269738794	8.21113362206212e-05	0.000261781940433131
Sm_t00018463-RA	162.497098074135	-1.83237724380872	0.205105788661799	-6.08162866561282	1.18967840588298e-09	5.55116607428536e-09
Sm_t00003853-RA	386.036688178723	-1.83229304893883	0.125913235813563	-9.90597248080952	3.92136277601719e-23	3.48198620058072e-22
Sm_t00006509-RA	109.412760494997	-1.83094403698835	0.287740663846619	-4.33009370428263	1.4904590528629e-05	5.10865574127369e-05
Sm_t00009917-RA	162.151537788214	-1.82898664697975	0.277179534229678	-4.48801766853735	7.1888968006043e-06	2.53283931693034e-05
Sm_t00022515-RA	494.78315851348	-1.82704268522861	0.148911368490775	-8.34081841982102	7.37781120261448e-17	5.06384750775245e-16
Sm_t00001427-RA	217.692448421284	-1.82702458319982	0.241203309898407	-5.14928499000679	2.61481324370122e-07	1.04354477751737e-06
Sm_t00000717-RA	105.971154233001	-1.82599144666385	0.239690612480629	-5.17747204957451	2.24912626348645e-07	9.00840233160789e-07
Sm_t00003645-RA	661.229538666875	-1.82549061050141	0.238357238008213	-5.20433371718575	1.946938641579e-07	7.83573420908988e-07
Sm_t00003713-RA	5876.14542261115	-1.82481917053923	0.446045363920076	-2.77958089204886	0.00544290954034333	0.0140006156768127
Sm_t00008058-RA	391.892104264904	-1.82248309000835	0.137729745923182	-8.98486439304515	2.59053556657825e-19	1.97497214956799e-18
Sm_t00010619-RA	140.350948505447	-1.82216009830601	0.345762358837779	-3.57806472186422	0.00034614774716698	0.00103095461689747
Sm_t00012907-RA	44.0721233370694	-1.82073732143583	0.304989890157574	-4.0517320780613	5.08398630867927e-05	0.000165894307404465
Sm_t00017864-RA	172.068350472121	-1.81775726824909	0.205805870575199	-5.98990332396108	2.09965810372742e-09	9.62203705416545e-09
Sm_t00002481-RA	24.4173908822327	-1.81701924562935	0.427856570595454	-2.87951460910074	0.00398287844610557	0.0104450234816163
Sm_t00002604-RA	556.293003236649	-1.81687333125034	0.161980650242868	-7.60506473707391	2.84761315177941e-14	1.72681251846893e-13
Sm_t00007788-RA	291.417008214826	-1.81682748522925	0.222207522721858	-5.54359037957125	2.96331606934269e-08	1.26344814648351e-07
Sm_t00004349-RA	29.5292003310406	-1.81626972328981	0.380361755365198	-3.23710180090958	0.00120750327888385	0.00336195714852868
Sm_t00014091-RA	91.8562897307407	-1.81407586849475	0.259215808593407	-4.74151586341952	2.12125044554674e-06	7.80384053045885e-06
Sm_t00007780-RA	261.582477866784	-1.81403318150318	0.218466226182823	-5.62573539616448	1.84719316134394e-08	7.97370916861036e-08
Sm_t00012394-RA	582.207381971537	-1.81311962492097	0.129018846674147	-9.51891647289907	1.74994076796616e-21	1.44955312345999e-20
Sm_t00001259-RA	206.505887549274	-1.812301878365	0.188594259760126	-6.50763114384294	7.63450943732356e-11	3.8282859183304e-10
Sm_t00003567-RA	231.405398833989	-1.811578642695	0.178214357236339	-6.88260284814412	5.8768705465635e-12	3.14983621507898e-11
Sm_t00005019-RA	3053.98140040931	-1.81000060648107	0.476415841499457	-2.57128436918793	0.0101322090863114	0.0250940141183132
Sm_t00001017-RA	804.420613182027	-1.80964455089374	0.110511805320567	-11.0815722115963	1.54141771222076e-28	1.66517096304627e-27
Sm_t00001107-RA	873.4423147337	-1.80685448802008	0.14688903396785	-8.3182144712553	8.92983189311986e-17	6.11398025793631e-16
Sm_t00019924-RA	454.702981288469	-1.80591752459233	0.270624129156397	-4.51148804948856	6.43744108274546e-06	2.27626604874494e-05
Sm_t00005991-RA	272.342906395406	-1.80563528153438	0.16475497142478	-7.40879180141563	1.27455213280177e-13	7.48114497118105e-13
Sm_t00010967-RA	61.543158387094	-1.80489955053148	0.388382506449539	-3.14097450393271	0.00168386690640308	0.00461650015254484
Sm_t00004984-RA	22.3455364133274	-1.80425095660677	0.459188796954987	-2.65522801229466	0.007925481769204	0.0199550597508163
Sm_t00006387-RA	966.175849321657	-1.80325595157043	0.100241462499867	-12.1532140612179	5.51539142920878e-34	7.1554042389221e-33
Sm_t00008469-RA	340.916938225764	-1.801618382628	0.248811711339056	-4.88971510255846	1.00982021973672e-06	3.84229904531164e-06
Sm_t00018107-RA	13.2646214859683	-1.80112536631822	0.505469408370562	-2.40593267600218	0.0161312371695714	0.0387978846044933
Sm_t00011068-RA	40.0145741766921	-1.80029708712648	0.390318382828164	-3.11360453566317	0.00184817026115775	0.00504619246195146
Sm_t00020269-RA	1349.06057060074	-1.79953183939007	0.10658137441512	-11.3953478837647	4.41064752379858e-30	5.0323675651669e-29
Sm_t00004735-RA	65.8922710074321	-1.79823069309038	0.323533615567824	-3.74993705356111	0.000176878964926163	0.000542824207394992
Sm_t00018483-RA	61.8438361555977	-1.79750959986627	0.306221437383134	-3.95958431332559	7.50803346067157e-05	0.000240470719838237
Sm_t00013226-RA	46.1708863149289	-1.79655370939745	0.301167406900445	-4.02285799073187	5.74961665416029e-05	0.000186554566079085
Sm_t00003014-RA	62.4515973172935	-1.79607872080364	0.277351317103951	-4.36658723473711	1.2620289754947e-05	4.3570733002675e-05
Sm_t00001029-RA	103.509890502699	-1.79606845433615	0.218641741010141	-5.53905420228052	3.04109519950786e-08	1.29495306322602e-07
Sm_t00012611-RA	400.377450000952	-1.79557928570081	0.185056591268086	-6.54167072572454	6.08353316838628e-11	3.06717601449693e-10
Sm_t00002910-RA	125.000846125304	-1.7953784497539	0.189770425949708	-6.37811947618574	1.79275636428673e-10	8.79897923284868e-10
Sm_t00000844-RA	338.765048882656	-1.79517151241825	0.220557506138346	-5.48687520822422	4.09105925977e-08	1.72659906636049e-07
Sm_t00003242-RA	88.584209080327	-1.79493416713811	0.390912153018818	-3.09515618226344	0.00196709285593974	0.00534723120010513
Sm_t00002526-RA	755.25593621582	-1.79478953400011	0.126839470018415	-9.53795797021601	1.45672332906152e-21	1.20967583327552e-20
Sm_t00011586-RA	376.520213717001	-1.79466392149805	0.28715256564913	-4.21261749399142	2.52428332678756e-05	8.46748120371068e-05
Sm_t00004148-RA	48.1955770284892	-1.79447947399198	0.306946998015679	-3.94035283554133	8.13618513662e-05	0.00025954150135162
Sm_t00007211-RA	113.918048383746	-1.79337756825556	0.267728112396775	-4.51345044581921	6.37813574581426e-06	2.25721234870988e-05
Sm_t00012879-RA	760.010618452216	-1.7929275256905	0.158096903036673	-7.6404249703127	2.16505933106952e-14	1.32156681337325e-13
Sm_t00011722-RA	106.562637009216	-1.79285216955421	0.241818208895727	-4.99487683359295	5.88733283856268e-07	2.28870922811615e-06
Sm_t00005600-RA	2064.02664648318	-1.79284930194455	0.226360988930219	-5.33594285681838	9.50493349573591e-08	3.91367770646779e-07
Sm_t00004661-RA	51.1972226166341	-1.7916702314435	0.31365336357613	-3.84714583540762	0.00011950184309827	0.000374297627068122
Sm_t00006157-RA	471.77513721498	-1.78924935590478	0.317262775229516	-3.79574740539162	0.000147199315611007	0.000456279530972862
Sm_t00007744-RA	582.017005135512	-1.78819274835677	0.135607568398042	-8.87260764697959	7.14527205363954e-19	5.33748618249002e-18
Sm_t00012166-RA	2698.79776012987	-1.78818848621261	0.186598421009704	-6.44801000834854	1.13328283112116e-10	5.64202791417102e-10
Sm_t00007474-RA	162.747745169589	-1.78340869712726	0.161689258881562	-7.41180153472719	1.24595122884003e-13	7.31584616496906e-13
Sm_t00003851-RA	144.934621974872	-1.78294242734267	0.214437464639192	-5.58644185314496	2.31769100279336e-08	9.95567218270546e-08
Sm_t00011185-RA	155.650060718813	-1.78267399926509	0.188926557069161	-6.33936286059907	2.30717274906962e-10	1.1264033896249e-09
Sm_t00011233-RA	398.127911816406	-1.78082608058356	0.147122414944282	-8.12810258067367	4.36062133701613e-16	2.89976966994071e-15
Sm_t00003016-RA	322.71925428085	-1.77974411561916	0.192661575165335	-6.20125790310743	5.60136347940431e-10	2.66212590128151e-09
Sm_t00007486-RA	340.786454841948	-1.778948604632	0.205337347316719	-5.81457109597511	6.07895457829941e-09	2.71410413737099e-08
Sm_t00003557-RA	35.1589130561369	-1.7773697160165	0.357127319053449	-3.33878046400043	0.00084147037661359	0.00239283262779604
Sm_t00003737-RA	473.734750706426	-1.77687991359777	0.155622226206845	-7.6588026186798	1.87674573502143e-14	1.15190974406732e-13
Sm_t00011502-RA	107.214026185489	-1.77684185470752	0.212645040753254	-5.60484199624711	2.08445026925951e-08	8.97229265770669e-08
Sm_t00011994-RA	61.0921566430371	-1.77458069582326	0.296923584378369	-4.0063530093567	6.16634696170681e-05	0.000199415662372572
Sm_t00009168-RA	396.428989400046	-1.77436922074678	0.174176602476499	-6.82852463439949	8.57923397712122e-12	4.56007911904548e-11
Sm_t00002066-RA	691.712893119917	-1.77405672740261	0.144849231862638	-8.20892670338912	2.23174409249355e-16	1.50450801670407e-15
Sm_t00021964-RA	340.376475427817	-1.7733735209787	0.172916302926875	-6.87253602386615	6.30704459090897e-12	3.37388403324861e-11
Sm_t00010654-RA	1465.19712320209	-1.77320235588869	0.422256486625633	-2.81393511650689	0.00489391050874312	0.0126686497676213
Sm_t00014440-RA	983.318967084921	-1.7717460955295	0.189973274562852	-6.24691077342497	4.18650052100386e-10	2.00629245336255e-09
Sm_t00002264-RA	112.070299808022	-1.77124331898521	0.195152744051938	-6.07853773590548	1.21283442750084e-09	5.65446288645646e-09
Sm_t00003277-RA	83.4796562956053	-1.77096566839413	0.273082614438656	-4.34288235753117	1.40625445431329e-05	4.83196920378521e-05
Sm_t00004781-RA	332.055536542307	-1.77047892094126	0.153081596634603	-7.74409822606522	9.62625727012704e-15	6.003526529606e-14
Sm_t00011265-RA	686.048333033449	-1.76755852981145	0.110127420998986	-10.7380933747857	6.74223768527123e-27	6.88187471576275e-26
Sm_t00003674-RA	85.7376090029017	-1.76611810722403	0.282672797562073	-4.17839324268428	2.9357574108504e-05	9.75540533611528e-05
Sm_t00004860-RA	1024.98591570309	-1.76580593395229	0.174720003437378	-6.75827558792093	1.39643728332063e-11	7.31045011488218e-11
Sm_t00016646-RA	22.9776666321343	-1.76568439003048	0.471682558583845	-2.50313344969825	0.0123099118675382	0.0301158043603248
Sm_t00006359-RA	91.8314506391352	-1.76489822969125	0.456512204838671	-2.58459295761482	0.00974940195525307	0.0242071154822784
Sm_t00004748-RA	488.95138778685	-1.76437002374448	0.156299547109928	-7.54557543864803	4.50294762196826e-14	2.70696865704609e-13
Sm_t00011945-RA	133.739282957728	-1.7642842522329	0.212599866597548	-5.54696609695097	2.90669076232301e-08	1.23993994158199e-07
Sm_t00002114-RA	135.437777665279	-1.76410502284594	0.2118395244981	-5.56602940664414	2.60609282880726e-08	1.11542380118888e-07
Sm_t00005799-RA	615.889535073322	-1.76099833290986	0.173900089808761	-6.76249410913537	1.35636195823334e-11	7.10959015111737e-11
Sm_t00018103-RA	3054.25622534511	-1.76069489120731	0.35325297907369	-3.3281952619062	0.000874105772602556	0.0024801318276296
Sm_t00009425-RA	108.759827021932	-1.76055394327297	0.246588892535411	-4.76726234984067	1.86746071206274e-06	6.91138870063122e-06
Sm_t00002353-RA	410.030084491028	-1.76007577919946	0.151222438579177	-7.77051203670556	7.81694840932522e-15	4.90081771180051e-14
Sm_t00010882-RA	423.15229256256	-1.75760159393244	0.13245937806475	-8.85253736703524	8.55516768217976e-19	6.35646669267397e-18
Sm_t00012515-RA	3047.79724735566	-1.75711289539875	0.0903487239666502	-12.9732091825824	1.73606608922262e-38	2.60066447070777e-37
Sm_t00004674-RA	256.522835362173	-1.75622053943048	0.148217211947363	-7.90205485612848	2.74342623243025e-15	1.75769208383935e-14
Sm_t00001238-RA	319.906834192481	-1.75543611765519	0.145885862364605	-8.02295780196976	1.03228820119042e-15	6.7461188134288e-15
Sm_t00014940-RA	77.3190407548866	-1.75498509748298	0.303805902225961	-3.85109403375838	0.000117591333282849	0.000368479388605285
Sm_t00014740-RA	1599.24479617632	-1.75467054292393	0.382078025142508	-3.0613394803003	0.00220349105970447	0.00595099774198397
Sm_t00008293-RA	125.038736976398	-1.75464547789443	0.28896292584812	-4.04773544724281	5.17155506738317e-05	0.000168619620889546
Sm_t00006464-RA	33.1293012380165	-1.75414386339762	0.333981541756949	-3.50062418793326	0.000464169911282363	0.00136177217015527
Sm_t00011867-RA	221.417873029919	-1.75396243865031	0.244038025662203	-4.79008316625372	1.66712201307688e-06	6.2057918421977e-06
Sm_t00009093-RA	5215.23003694335	-1.7536194827003	0.241415612738329	-4.84069555172878	1.29385464654906e-06	4.87074140163035e-06
Sm_t00001616-RA	87.5178302546313	-1.75304529045628	0.22076490244353	-5.29090121449474	1.21715098655666e-07	4.96456932763489e-07
Sm_t00018811-RA	752.834327623549	-1.75218862781126	0.204118718278186	-5.71818517016423	1.07667778052806e-08	4.72478884827094e-08
Sm_t00007306-RA	531.804734328986	-1.75198288192203	0.174138997982731	-6.70144479663168	2.06368818349987e-11	1.0649602775942e-10
Sm_t00017283-RA	52.6276385473069	-1.74896977491808	0.280862389109978	-4.14427071779377	3.40896838810723e-05	0.000112716545075606
Sm_t00005741-RA	65.7028692260955	-1.74698007377474	0.304360455797142	-3.81777609949833	0.0001346600489536	0.000419126886298405
Sm_t00002077-RA	295.380138179602	-1.74672286184428	0.15592507455334	-7.45051984212375	9.29731557092092e-14	5.49201002767378e-13
Sm_t00012586-RA	112.260536138636	-1.74474694949026	0.262253043342542	-4.42224400795783	9.76810502309524e-06	3.40626111523384e-05
Sm_t00008370-RA	39.0363731439704	-1.74429369267714	0.374652985318927	-3.0943132394642	0.0019726908959476	0.0053598246525355
Sm_t00008131-RA	48.4174910504651	-1.74396112788863	0.293550354092063	-3.94808288163452	7.8779532614871e-05	0.000251834475973618
Sm_t00013250-RA	45.0017105600504	-1.74358657557422	0.332838189902513	-3.48093040619396	0.000499675302346391	0.00146130463245895
Sm_t00003791-RA	392.115064115175	-1.74307665324596	0.141225977065456	-8.20016740057115	2.40052513639527e-16	1.61502212124686e-15
Sm_t00020544-RA	43.2571474849133	-1.74193886388606	0.379883253362193	-3.04551162402253	0.00232284799362584	0.00625509244710947
Sm_t00014181-RA	220.002340617124	-1.74186600919003	0.159608867356257	-7.248131186896	4.2256124097823e-13	2.40979977823189e-12
Sm_t00007212-RA	462.120493741269	-1.74024081297104	0.142279889243073	-8.11949474459746	4.68128455027935e-16	3.10804456112209e-15
Sm_t00011673-RA	565.491664108468	-1.7402262422435	0.267027052787595	-4.32625170440098	1.51668104814315e-05	5.19105668789163e-05
Sm_t00012495-RA	636.712358041134	-1.73922045029923	0.373903677364674	-3.08694597077607	0.0020222434907932	0.00548551246859357
Sm_t00012668-RA	1618.42098608256	-1.73861402118118	0.117022346295859	-9.85806606769427	6.32559833999246e-23	5.5634539148677e-22
Sm_t00014891-RA	261.948517901732	-1.73843585027171	0.15812426998723	-7.29448964643356	2.99793278813077e-13	1.72622068388118e-12
Sm_t00021041-RA	51.3094746023062	-1.73648830246082	0.301127696612388	-3.8239202684269	0.000131346405303864	0.000409119001412072
Sm_t00018478-RA	109.586060812028	-1.73614597736411	0.186326106665467	-6.1781249979687	6.48673496599495e-10	3.07239212577605e-09
Sm_t00003603-RA	200.453968936836	-1.73584963795853	0.182555877896177	-6.30409522400061	2.89882240311822e-10	1.40619055303271e-09
Sm_t00016649-RA	463.002072631762	-1.73551026447596	0.133788363461729	-8.59947931723572	8.00785725582477e-18	5.76718055199001e-17
Sm_t00006044-RA	276.771534970951	-1.73546905538223	0.19512332885517	-5.8961122800245	3.7216577973785e-09	1.6814585188156e-08
Sm_t00008914-RA	125.937384830178	-1.73459176902211	0.253387579874434	-4.53689075680736	5.70896596996184e-06	2.02901547103956e-05
Sm_t00014672-RA	216.065577812252	-1.73452413959686	0.22754371230176	-5.05188268209497	4.37476389085582e-07	1.72036413967936e-06
Sm_t00002654-RA	271.165609196743	-1.73280098437871	0.166248899613428	-6.90411176884566	5.05185142588433e-12	2.71551278000584e-11
Sm_t00011950-RA	144.723688643209	-1.73234745223683	0.170497004315918	-6.72942880633192	1.70330401137392e-11	8.85292924226731e-11
Sm_t00007635-RA	604.809606396899	-1.73213930842259	0.137835486897295	-8.32252516565167	8.61088324890007e-17	5.89803014638887e-16
Sm_t00002553-RA	227.59181074071	-1.72896158224655	0.211213907826135	-5.41612810453857	6.09034731001225e-08	2.53949951164416e-07
Sm_t00008254-RA	798.741638988268	-1.72893569787601	0.123716754486342	-9.24640888475855	2.32161707934239e-20	1.84687188670896e-19
Sm_t00009651-RA	231.627607043756	-1.72779563143877	0.175570863166435	-6.50902781263566	7.56387189948223e-11	3.7962934046874e-10
Sm_t00014739-RA	372.432102160271	-1.72670836310235	0.308514995064336	-3.70065760617006	0.000215041469859956	0.000654874004557064
Sm_t00005637-RA	44.6731472498013	-1.72659258296854	0.295688437470364	-3.86079548032026	0.000113018475563184	0.000354617021271712
Sm_t00000997-RA	225.518937794187	-1.72649818440612	0.161571721858891	-7.0649626758515	1.60659170563041e-12	8.88827785864873e-12
Sm_t00015743-RA	565.897141524594	-1.72649376611249	0.114447769281281	-9.97392761152918	1.98231213709036e-23	1.77916786528293e-22
Sm_t00002085-RA	210.662306602726	-1.7257609761109	0.22848252533632	-4.99277121710613	5.95190464060182e-07	2.31273215542676e-06
Sm_t00008840-RA	82.9355137039243	-1.72513608452051	0.240027224739518	-4.75002819266775	2.03388291366927e-06	7.50396934128519e-06
Sm_t00012444-RA	177.331092925659	-1.72372871849736	0.34913353352089	-3.26158506464182	0.00110791185698229	0.00309761593044829
Sm_t00009109-RA	875.314167909207	-1.72363198607378	0.177008310160783	-6.43264706069178	1.25400604113002e-10	6.21888438021549e-10
Sm_t00001469-RA	131.532228333637	-1.72352476146141	0.297021492693664	-3.8331393164051	0.000126518252840992	0.000394892459401394
Sm_t00004378-RA	403.384503042523	-1.72294589777382	0.23334774200985	-4.87660985262837	1.07924596024184e-06	4.09521556764872e-06
Sm_t00013448-RA	296.705814251245	-1.72255458940857	0.169684210650998	-6.70395073910711	2.0285867355561e-11	1.04879571200787e-10
Sm_t00006557-RA	410.842823893141	-1.72254698178152	0.170259485404166	-6.6812546689025	2.36905116932095e-11	1.21876634893602e-10
Sm_t00001377-RA	349.163348664828	-1.7219683695968	0.133571281124216	-8.51207205641358	1.70852344958405e-17	1.20697979742032e-16
Sm_t00007253-RA	68.028583599672	-1.72072181091644	0.322592631434126	-3.52060679708476	0.000430560567660131	0.00126853164769764
Sm_t00012328-RA	768.994375391521	-1.720457597961	0.116410886557825	-9.75387810827281	1.77552914911958e-22	1.53326928802665e-21
Sm_t00010805-RA	52.432657055534	-1.71854582104668	0.315206572275091	-3.59619982814762	0.000322899791542296	0.000964645754575244
Sm_t00015392-RA	458.165520060248	-1.71799420502336	0.124982166287479	-9.06524697625498	1.24322282392645e-19	9.61448737277939e-19
Sm_t00007733-RA	232.442322577123	-1.71784965107733	0.171257355287391	-6.61489633059128	3.71812217739621e-11	1.89640169109204e-10
Sm_t00014328-RA	154.772190149627	-1.71219376557484	0.187914152216657	-5.99845063438985	1.99209059434839e-09	9.13914765096542e-09
Sm_t00008512-RA	68.9467196128926	-1.71211083886254	0.30574766080938	-3.68640870670552	0.000227440979857166	0.000690740536455909
Sm_t00010694-RA	106.641763737804	-1.7111570885475	0.270488107300184	-4.16342551910316	3.13508322676609e-05	0.000104032303568665
Sm_t00000693-RA	578.873104777638	-1.70988039480468	0.109778872401148	-10.2467840140879	1.22346662810712e-24	1.14432942678317e-23
Sm_t00016494-RA	42.5582709943845	-1.70898802855632	0.341187546556402	-3.29434072228224	0.000986528369094323	0.00278158252748362
Sm_t00012744-RA	71.045886636051	-1.70818549893134	0.332403861946488	-3.37897848825882	0.000727557009016129	0.00208312902306474
Sm_t00002917-RA	1476.34549565884	-1.70800489538324	0.215665433600186	-5.20716220785355	1.91750464623867e-07	7.72100372178963e-07
Sm_t00005720-RA	75.9129609474247	-1.70642702387544	0.266747759541125	-4.2040728882019	2.62154456188965e-05	8.77077511788668e-05
Sm_t00011049-RA	380.842435125367	-1.706130591749	0.302060401652006	-3.71161061038585	0.000205944636710244	0.000627974694914743
Sm_t00011395-RA	353.296053201173	-1.70604225617677	0.144234945950268	-7.77233456698704	7.70526044006728e-15	4.83261402148497e-14
Sm_t00011927-RA	147.893414080195	-1.70602307464402	0.209286929016328	-5.35639315801019	8.4899664856129e-08	3.51106905951687e-07
Sm_t00004876-RA	1240.76204876931	-1.70573703514695	0.112391433071605	-9.97173009114422	2.02667299823356e-23	1.81800316664376e-22
Sm_t00012105-RA	3925.21597427874	-1.70277661995674	0.10524805323554	-10.6204018563195	2.3952773505092e-26	2.38925329968756e-25
Sm_t00009223-RA	71.2809967857767	-1.70252686797966	0.29431838971304	-3.79699980374739	0.000146457905293588	0.000454150369765561
Sm_t00003651-RA	586.532365135056	-1.70147058602692	0.144963947383714	-7.70171208894903	1.34255112875758e-14	8.31692699994192e-14
Sm_t00000272-RA	139.265109918625	-1.70036544407964	0.218388966721236	-5.107242645199	3.26893865917626e-07	1.29683210727693e-06
Sm_t00020555-RA	49.4789094351366	-1.69987514421965	0.28073366720646	-3.9712912074765	7.14841350633086e-05	0.000229614871169417
Sm_t00010004-RA	64.2674342855243	-1.69855615622239	0.322894997775211	-3.44866338560504	0.000563368525607872	0.00163437702883593
Sm_t00006094-RA	89.7199981836429	-1.69755947815291	0.214415845540475	-5.18879318526343	2.11661310504942e-07	8.50013044935229e-07
Sm_t00012858-RA	168.860385449667	-1.69553204756101	0.205691211068205	-5.39902527577011	6.70039346203101e-08	2.78619955792592e-07
Sm_t00007460-RA	125.349217217743	-1.69494852575096	0.195744972602	-5.67038075612688	1.42480509334287e-08	6.19212190057543e-08
Sm_t00002644-RA	91.6984116353098	-1.69483330855145	0.286894289797739	-3.8684398679872	0.000109533940191332	0.000344332209040803
Sm_t00009540-RA	35.158706344794	-1.69395131638699	0.366362555603604	-3.02692319240956	0.00247056725670718	0.00663357662189365
Sm_t00010341-RA	865.399614155909	-1.69372981528806	0.474834674871645	-2.33498072900377	0.0195444274797026	0.0464239373958201
Sm_t00005270-RA	1843.35052818861	-1.69292092881487	0.100104311436856	-11.0676644483362	1.80031542933115e-28	1.93731617711875e-27
Sm_t00000490-RA	144.192458631115	-1.69277761816213	0.187761127378338	-5.89993058536532	3.63654534981757e-09	1.64389613126896e-08
Sm_t00005669-RA	250.517022283334	-1.69078185180188	0.247693782525238	-4.46431008694863	8.03271605460976e-06	2.81999966359725e-05
Sm_t00010511-RA	72.1620894987009	-1.69041600509421	0.302274445921956	-3.65699456241702	0.000255189791785721	0.000769542279429134
Sm_t00001185-RA	912.876946024475	-1.68878452995009	0.127416859468564	-8.66278241791396	4.60386615736885e-18	3.34166459474729e-17
Sm_t00009674-RA	445.786253569427	-1.68842453309921	0.20180484990134	-5.46778005404062	4.55706854324874e-08	1.91938426784924e-07
Sm_t00000593-RA	31.7137087637523	-1.68839420537995	0.420805771143545	-2.6220985572072	0.00873901548881518	0.0218646019844823
Sm_t00007343-RA	1424.12513973268	-1.68690219148891	0.108981737694899	-10.110888436866	4.94339347506883e-24	4.52705049520047e-23
Sm_t00005905-RA	44.2334451012406	-1.68689901224054	0.3250984190045	-3.38943208525813	0.000700375554049337	0.0020091021145779
Sm_t00018448-RA	527.323003273619	-1.6867464576533	0.15378244150638	-7.16431893564121	7.8174214608097e-13	4.40089917857952e-12
Sm_t00014603-RA	95.7670277118097	-1.68647309946781	0.24635886102558	-4.47101068288119	7.78508090685617e-06	2.73536970568256e-05
Sm_t00000198-RA	460.678434932637	-1.68585187294203	0.154836293577706	-7.10977928691869	1.16228675171408e-12	6.48187904588319e-12
Sm_t00022501-RA	85.160128304556	-1.6854788462287	0.28042313180127	-3.92435117302873	8.69638011277889e-05	0.00027624771151539
Sm_t00000666-RA	45.7530649969744	-1.6840454405974	0.366648918803092	-2.99754174698014	0.00272166579363573	0.00727728873039872
Sm_t00001274-RA	202.786064453332	-1.68381736053724	0.218759595268905	-5.02294474985908	5.08851864383596e-07	1.99118025767018e-06
Sm_t00010095-RA	587.115246748655	-1.68355462301621	0.106258370896946	-10.3385231087501	4.7175161378145e-25	4.48029554297115e-24
Sm_t00004396-RA	331.200264913672	-1.6834657371693	0.18575263130345	-5.91359449102406	3.34721358719136e-09	1.51639608200799e-08
Sm_t00003803-RA	893.991187897543	-1.68117985498654	0.161773881727596	-6.77600020028173	1.23548506909182e-11	6.49438633036653e-11
Sm_t00014897-RA	51.5246205915814	-1.68047524562441	0.365344257117398	-2.99847397155717	0.00271335332092866	0.00725622726280778
Sm_t00000925-RA	460.069854910924	-1.6804737141445	0.135848039078954	-8.06396412912385	7.38594394259622e-16	4.85153999194668e-15
Sm_t00001254-RA	83.5709932209625	-1.67814170366307	0.252679741362028	-4.32619448544101	1.51707487694143e-05	5.19133798276302e-05
Sm_t00009640-RA	634.467613937261	-1.67804344845704	0.186991863186294	-5.8454064782919	5.05332780420802e-09	2.26773530610176e-08
Sm_t00015478-RA	259.948516697486	-1.67788964030363	0.184321397774866	-5.92926081017738	3.04301424388496e-09	1.38196650148952e-08
Sm_t00005269-RA	1695.72205834602	-1.6769226604329	0.0989933698884335	-11.03026052819	2.73072836207813e-28	2.9215461178868e-27
Sm_t00011872-RA	84.7133044259884	-1.67687710769658	0.235834585295921	-4.62984301613993	3.65943057827461e-06	1.31717360788458e-05
Sm_t00005267-RA	53.1269690573411	-1.67574022089564	0.308902919428502	-3.53101298917345	0.000413971418360823	0.00122181713094518
Sm_t00000235-RA	318.5716363399	-1.67533378116901	0.178341510356136	-6.1137408727317	9.73222904453637e-10	4.55775854438816e-09
Sm_t00015577-RA	454.478233731197	-1.6750762579855	0.308159753489845	-3.53737386417472	0.000404127167106437	0.0011938198882176
Sm_t00022520-RA	557.987290772996	-1.67497820745973	0.118438199477749	-9.20292787517851	3.48326696005626e-20	2.74606062567994e-19
Sm_t00006130-RA	87.426631013791	-1.67394626864925	0.213575803298273	-5.09864063172205	3.4210132479737e-07	1.35522565243153e-06
Sm_t00009466-RA	2449.28044520361	-1.67380476458385	0.275906996577725	-3.94627457110218	7.93765846345593e-05	0.000253597074576619
Sm_t00008142-RA	275.741722405606	-1.67326480328799	0.161438406863373	-6.74105266790076	1.5724319081156e-11	8.19830069652259e-11
Sm_t00007661-RA	499.913717083254	-1.67192655115854	0.202093209337743	-5.37834276926167	7.51745920977121e-08	3.1181731951287e-07
Sm_t00010351-RA	20.9068016860606	-1.6719152356993	0.436675956548226	-2.48906590665306	0.0128079220308377	0.0312607128483069
Sm_t00006594-RA	1275.73506833562	-1.671288737587	0.131296714198949	-8.27354092000337	1.30038143821205e-16	8.84514250622143e-16
Sm_t00007645-RA	56.2524910947896	-1.67127125136041	0.3077340319489	-3.52990289855492	0.000415712209205816	0.00122652036502842
Sm_t00003889-RA	139.417529021845	-1.67081915366429	0.212149164078166	-5.11818728290736	3.08486200934248e-07	1.22555762822864e-06
Sm_t00006589-RA	206.043315725	-1.67056669277393	0.156644909832784	-6.93011151101399	4.20509019624155e-12	2.26767214273201e-11
Sm_t00014168-RA	33.6386872094419	-1.66964018305092	0.369611443285212	-2.93454167276405	0.00334040694476237	0.00883386234098294
Sm_t00005324-RA	307.331582295344	-1.66870347061364	0.137503662178593	-7.88126987633322	3.24070510157676e-15	2.07071981519239e-14
Sm_t00008000-RA	59.0875685294645	-1.66810691728328	0.312856698581747	-3.461990496586	0.000536196088291991	0.00156071194107426
Sm_t00014233-RA	71.367883917622	-1.66704912091802	0.238006782953467	-4.54629530927939	5.45984171964392e-06	1.94337699499633e-05
Sm_t00001677-RA	397.647462660899	-1.66606301339074	0.148937287852087	-7.25851147809518	3.91373184459307e-13	2.23730079160025e-12
Sm_t00013109-RA	333.578263383541	-1.66550550611617	0.155454886913638	-6.95060494763629	3.63723098721878e-12	1.96845333934667e-11
Sm_t00000412-RA	94.6486817688799	-1.66508275429331	0.228289940966246	-4.73118854786951	2.23209077819984e-06	8.19712702452667e-06
Sm_t00006933-RA	131.516737832339	-1.66463753032374	0.202333655996105	-5.33592656648544	9.50578700946612e-08	3.91367770646779e-07
Sm_t00012956-RA	57.4644919940249	-1.66420198440762	0.303037106856655	-3.56128658830587	0.000369042001521656	0.00109542082347608
Sm_t00014173-RA	431.397689801832	-1.66395697199576	0.158998361831137	-6.78596282106137	1.15314846844586e-11	6.07692097038000e-11
Sm_t00006627-RA	180.013199841738	-1.66387651417315	0.165548560768985	-6.51697912178574	7.17374062468741e-11	3.60809696032738e-10
Sm_t00008676-RA	52.3306113807349	-1.6629087070728	0.266337945004372	-4.0471465943582	5.18457740326836e-05	0.000169011135780126
Sm_t00011199-RA	37.5435257876537	-1.66161637680198	0.332046687058565	-3.24236445886327	0.00118542320160323	0.00330324183544774
Sm_t00013979-RA	666.726567138354	-1.66086084192115	0.124724766633227	-8.62587977482359	6.36018078354826e-18	4.59444455734375e-17
Sm_t00006571-RA	527.052284132132	-1.66064953968511	0.382386716613271	-2.81298877014334	0.00490833652828937	0.0127000729866798
Sm_t00008150-RA	285.017157547366	-1.65895172083202	0.152137349302377	-7.05909315336835	1.67592699934114e-12	9.25036181412348e-12
Sm_t00000877-RA	387.486618300272	-1.65846375155708	0.183594887262658	-5.84691527940721	5.00772384704201e-09	2.24787560883928e-08
Sm_t00018728-RA	117.575750416189	-1.65812023280816	0.232888579373182	-4.60786971905818	4.06815416783528e-06	1.46081724785083e-05
Sm_t00013497-RA	42.5370721899494	-1.65730352073081	0.31105299872584	-3.44733381489092	0.000566148588841919	0.00164187033303076
Sm_t00010053-RA	146.871626696278	-1.65689947048681	0.210241925500134	-5.09840969129695	3.42518872847111e-07	1.35655715261226e-06
Sm_t00012148-RA	62.5745289162599	-1.65673872355479	0.316218067412572	-3.38923936992026	0.000700867997568531	0.00201016857842572
Sm_t00005424-RA	77.2614590688368	-1.65543171819667	0.266556819643744	-4.01577314595559	5.92512295650386e-05	0.000191912693387986
Sm_t00001741-RA	1032.82933606399	-1.65197489022292	0.124937345016333	-8.54007975024154	1.34129232164314e-17	9.52803731084494e-17
Sm_t00010264-RA	230.929155360652	-1.65106281601915	0.228048859792563	-4.67471232694986	2.94365947344232e-06	1.06854389864027e-05
Sm_t00016628-RA	362.786424176379	-1.6509127659747	0.27062046151282	-3.93877373505332	8.18991191561944e-05	0.000261155345885124
Sm_t00014473-RA	68.4363631598586	-1.64996582241835	0.244695330523742	-4.3522114628788	1.34771177324525e-05	4.6413443702128e-05
Sm_t00007981-RA	53.1232976306851	-1.64967545272338	0.327556875108743	-3.25035294212624	0.00115261863287901	0.00321559557636889
Sm_t00002529-RA	346.286504547242	-1.64835678271245	0.214684000200281	-4.95312543887961	7.30308623012246e-07	2.82065407886343e-06
Sm_t00004419-RA	42.6251596685775	-1.64640245029983	0.295897362394805	-3.58706289812628	0.000334423676564225	0.00099764140476484
Sm_t00016993-RA	41.8287904464955	-1.64617007734882	0.327172675869218	-3.24345569057548	0.00118089176694201	0.00329171603977912
Sm_t00013863-RA	122.588575434818	-1.64584500654434	0.202928590126253	-5.22767642491543	1.71653577401234e-07	6.93525416529169e-07
Sm_t00008588-RA	31.4986495110308	-1.64552269183028	0.378865210441576	-2.79920843245073	0.00512280578607247	0.0132241901107075
Sm_t00011139-RA	35.200533037692	-1.64483395265986	0.40606904478821	-2.60998459809372	0.00905462992259923	0.0225965580899862
Sm_t00009729-RA	46.3133928097714	-1.64482650394986	0.451550313486581	-2.34708397335962	0.0189209899396677	0.0450458554258946
Sm_t00003456-RA	2607.84336513464	-1.64469408983326	0.258205080129629	-4.10407916568199	4.05928454729567e-05	0.000133477224612814
Sm_t00000161-RA	393.594268893272	-1.64379153333581	0.148253490792834	-7.14176460650995	9.21402935935098e-13	5.16097179112537e-12
Sm_t00001106-RA	832.164696318584	-1.64301002284633	0.102463530749372	-10.3257228704547	5.39111776545104e-25	5.10257043959565e-24
Sm_t00000520-RA	192.38026680845	-1.64214506509285	0.177224397693636	-5.96500864920591	2.44621083747496e-09	1.11824863146701e-08
Sm_t00015410-RA	386.698527573048	-1.64174529366223	0.143451452407915	-7.36657089157449	1.7507286383816e-13	1.02328553186529e-12
Sm_t00006880-RA	497.479649823195	-1.64160679299595	0.118420917490265	-8.92246754533729	4.56012549587045e-19	3.43877639249479e-18
Sm_t00005308-RA	230.460521196812	-1.64134953382046	0.248580923262897	-4.24951971355932	2.14229355900206e-05	7.23713772173117e-05
Sm_t00018714-RA	30.4007377135797	-1.6412615646467	0.395546275866248	-2.67038682726436	0.00757639072117587	0.0191281474133597
Sm_t00005919-RA	636.711799320872	-1.63875797184868	0.129404338255129	-8.14314254110342	3.85148394014822e-16	2.56529466113511e-15
Sm_t00012277-RA	48.1446409140496	-1.63760512096032	0.335178690094888	-3.14042972320923	0.00168700177495918	0.00462357281462159
Sm_t00010871-RA	274.44772521686	-1.63724318344826	0.22649255281744	-4.64581802076469	3.38731507828259e-06	1.2237235865112e-05
Sm_t00000600-RA	25.1634619299365	-1.63704878643476	0.4230479777094	-2.48683090776392	0.0128886642902713	0.0314402724059267
Sm_t00007768-RA	155.218944763319	-1.63686214064934	0.221150292635016	-4.75632262619398	1.97151304468252e-06	7.2883853302977e-06
Sm_t00017000-RA	102.671465006737	-1.63683192702007	0.222496262594038	-4.7274139113933	2.273974234435e-06	8.3454203122314e-06
Sm_t00008179-RA	30.0302615339579	-1.63588881893838	0.408057439638173	-2.57534532361476	0.010014005178371	0.0248234074793608
Sm_t00009225-RA	148.711076613637	-1.63548098839467	0.236387755635271	-4.44388917510382	8.83471253551835e-06	3.09177818102237e-05
Sm_t00005104-RA	638.785181771771	-1.63529231804821	0.212758353646005	-4.93655031658933	7.95165291675081e-07	3.05909086113707e-06
Sm_t00001303-RA	263.330453292011	-1.63511163068592	0.196330296307534	-5.34869885308489	8.85888052449054e-08	3.65818621162527e-07
Sm_t00016997-RA	34.0071581097326	-1.63465978414168	0.357725672852833	-2.93425902527692	0.00334345059174345	0.00884050792972419
Sm_t00002480-RA	150.384732550828	-1.63411267034581	0.183568115599011	-5.71511379807103	1.09630633916035e-08	4.80586078887715e-08
Sm_t00001698-RA	377.890787008994	-1.6339549559615	0.157079311681205	-6.67786829936187	2.42442754749835e-11	1.24610040377129e-10
Sm_t00004088-RA	1732.69169275171	-1.63348625600606	0.106638012941871	-9.8321998608282	8.18118147811841e-23	7.15391711614155e-22
Sm_t00007480-RA	15.0080934105689	-1.6328670815112	0.453280236988699	-2.31174226450408	0.0207918907910663	0.0491021000173178
Sm_t00009095-RA	118.375688509073	-1.63273958873745	0.21199423210989	-4.94230233676516	7.72053652049992e-07	2.97429919885494e-06
Sm_t00004812-RA	341.620693062434	-1.63085142728856	0.146690550259558	-7.12964417570189	1.00628724337963e-12	5.63074669137317e-12
Sm_t00021493-RA	77.0173885070497	-1.62961322981895	0.262804045352127	-3.97487500018993	7.04162300256805e-05	0.000226446633159804
Sm_t00013237-RA	166.392666776014	-1.62920736647409	0.183165507654379	-5.70089521682457	1.1917988022786e-08	5.22172131729535e-08
Sm_t00012084-RA	73.3174257383657	-1.62861141030146	0.317801103113723	-3.28385081132968	0.00102399112985285	0.00287892729807404
Sm_t00005096-RA	526.887251731821	-1.62746310156205	0.117405197894779	-8.87919036171063	6.73487647899745e-19	5.03996282062621e-18
Sm_t00001190-RA	200.807116557978	-1.62735825304383	0.162318667540489	-6.42167822615857	1.34780088118731e-10	6.68005566165376e-10
Sm_t00015414-RA	56.5692951813935	-1.62669111737313	0.30701614225566	-3.39295227188963	0.000691436845150283	0.00198551197492043
Sm_t00005767-RA	57.0319168516522	-1.62376276301773	0.313697441148907	-3.31135236300715	0.000928462176022959	0.00262853890689844
Sm_t00009349-RA	50.7158529113255	-1.62325447161994	0.319305743260647	-3.25159973953999	0.00114757503770286	0.00320259758385898
Sm_t00015434-RA	443.316336663572	-1.62214093199449	0.171573406552669	-6.04488162141909	1.49519743006468e-09	6.91476923654012e-09
Sm_t00011913-RA	217.506424729604	-1.6218104887692	0.17710370713419	-5.85425627473524	4.79149300151409e-09	2.15197331947214e-08
Sm_t00007328-RA	1555.25087391866	-1.62170512858325	0.153291998647803	-6.76294351778356	1.35215962670848e-11	7.08979385008180e-11
Sm_t00011402-RA	60.7452841980285	-1.61908912252192	0.302741822206646	-3.4157458490029	0.000636075828306161	0.00183444445081787
Sm_t00004180-RA	44.2375938213469	-1.61832156833728	0.386310698429987	-2.67484584956311	0.00747636178601808	0.0188841902398012
Sm_t00009056-RA	73.065593163796	-1.61752567992035	0.368378354574738	-2.80289454333526	0.0050646226808351	0.0130841322297381
Sm_t00008011-RA	45.3354907525152	-1.61715205591312	0.35054399144414	-2.94442946136647	0.00323550690724572	0.00857687365704953
Sm_t00006904-RA	203.079537124286	-1.61615619772549	0.213771303675098	-4.82364180784854	1.40960464823613e-06	5.28974864391023e-06
Sm_t00005402-RA	3504.93579074174	-1.61358756454356	0.234767056798898	-4.38131132437653	1.1796717128679e-05	4.0828945341686e-05
Sm_t00006567-RA	114.410575425954	-1.61228055140419	0.278302792958281	-3.69123335229405	0.000223169274455046	0.000678261954729456
Sm_t00007732-RA	168.111963414572	-1.61174823151079	0.214985834984294	-4.77588782342706	1.78916113903732e-06	6.64078570723791e-06
Sm_t00018833-RA	44.606923246428	-1.61083206800484	0.340045912071486	-3.01674577340365	0.0025550399767195	0.00684934920054609
Sm_t00004517-RA	318.297481964815	-1.61079482919956	0.132831379864425	-7.72253386396005	1.14039608091422e-14	7.08304172851195e-14
Sm_t00007117-RA	91.4044080437543	-1.61068817560627	0.270901925632744	-3.78619743366746	0.00015297015179419	0.000472847798958548
Sm_t00017688-RA	40.3797150496172	-1.61056356891698	0.302808636604734	-3.38683724617698	0.000707033181040324	0.00202680411801234
Sm_t00011182-RA	157.886132450644	-1.60953520652328	0.215954759602042	-4.74421220634948	2.09319332436082e-06	7.71083909712574e-06
Sm_t00014797-RA	18.2864573088263	-1.60941227006234	0.443137400061728	-2.31172604686412	0.0207927850595605	0.0491021000173178
Sm_plastid_g00147	52.6286740990714	-1.60940703234111	0.327777837310507	-3.12530902255809	0.00177618360804519	0.00485840173116859
Sm_t00009472-RA	996.795760117825	-1.60859295442235	0.187395373400043	-5.46221038358955	4.70242313512345e-08	1.97660773618184e-07
Sm_t00022500-RA	604.237196596682	-1.60856235601734	0.170087166093708	-6.0178694226313	1.76727657632234e-09	8.13464857926986e-09
Sm_t00001012-RA	1025.02623222396	-1.60799431342232	0.138854377073117	-7.36738974302293	1.74001235652592e-13	1.01737893418774e-12
Sm_t00003092-RA	52.4342184886707	-1.60732496621043	0.329838693163923	-3.09946949038619	0.00193867543585539	0.00527600970600866
Sm_t00004759-RA	51.8528519521868	-1.60727392209836	0.3420712979643	-2.98848201583124	0.00280366999863286	0.0074833415858398
Sm_t00010421-RA	264.110842498787	-1.60680430214594	0.178279897121715	-5.73146113859566	9.95691629993175e-09	4.3867313336224e-08
Sm_t00007584-RA	2001.81165628998	-1.60543028847603	0.138856212013711	-7.34882706130043	1.9995368983326e-13	1.16421830312564e-12
Sm_t00004472-RA	131.395405435587	-1.60495233891439	0.30475135778314	-3.34683443687948	0.000817400139693014	0.00232676888704823
Sm_t00011250-RA	42.620964169168	-1.60425234971213	0.301952636174532	-3.37553717902628	0.000736717372077375	0.00210790758915577
Sm_t00007270-RA	135.366257479679	-1.60122522789929	0.202578321165726	-5.01645596651939	5.26333323822847e-07	2.05717046181159e-06
Sm_t00012215-RA	8964.97314075231	-1.6007688310094	0.21530944651045	-4.71771604763332	2.38507063737581e-06	8.73581941015969e-06
Sm_t00009836-RA	155.448062517695	-1.60039486632362	0.228858722002134	-4.43677591765175	9.13162649344606e-06	3.19300239563024e-05
Sm_t00011260-RA	40.6106801188194	-1.60030077630444	0.313651054379092	-3.23703925789232	0.00120776795469365	0.00336213211719366
Sm_t00017872-RA	117.89450273263	-1.59999926142264	0.260846944495289	-3.8911679160611	9.97628601502385e-05	0.000314923199617713
Sm_t00010944-RA	87.7244750642079	-1.59976182003259	0.209197861091287	-4.85072751097478	1.23009444011262e-06	4.643306862315e-06
Sm_t00009638-RA	494.030302650296	-1.59974002249561	0.149763604533836	-6.77561164245584	1.23881036523085e-11	6.50981169211845e-11
Sm_t00000505-RA	62.3448009456425	-1.59966456150801	0.249543749124129	-4.06607885418635	4.78107644319019e-05	0.000156316332464499
Sm_t00000483-RA	1102.88417003273	-1.59893674788041	0.142176549812791	-7.13153293715101	9.92571944885533e-13	5.55586809741371e-12
Sm_t00002143-RA	31.5169699972472	-1.59893065553815	0.426117124988715	-2.37946469662537	0.0173378036846849	0.0414842191582133
Sm_t00002692-RA	223.934892180762	-1.59892472259499	0.181348207569412	-5.59103801567438	2.25716151194168e-08	9.70066988284945e-08
Sm_t00011082-RA	469.909612921946	-1.59861762513621	0.118619678771439	-8.54510512618468	1.28419321632586e-17	9.13021365666075e-17
Sm_t00006325-RA	65.2006440144911	-1.59838192309307	0.345968818253137	-2.92911346233407	0.00339930312974404	0.00897821333998354
Sm_t00005386-RA	206.432415910597	-1.59832194366699	0.16287068371392	-6.22163498402739	4.92000606030275e-10	2.34566287786271e-09
Sm_t00015521-RA	74.8834924865758	-1.59822445796486	0.29624565914895	-3.42021706200062	0.000625711873047637	0.00180549253095921
Sm_t00002016-RA	432.778752018597	-1.59668428469706	0.158445470700065	-6.38506282462415	1.7132711747164e-10	8.41878207328195e-10
Sm_t00014167-RA	106.951440015371	-1.59597983196957	0.297158121270399	-3.40216120511014	0.000668551899466277	0.00192344344409486
Sm_t00000035-RA	17.4568913443299	-1.59545436405545	0.424588261659077	-2.3798452649329	0.0173199091481745	0.0414592680830996
Sm_t00005615-RA	140.716773141653	-1.59323546575174	0.188199207202785	-5.35727796486076	8.44850931864933e-08	3.49565991629559e-07
Sm_t00017051-RA	1627.66986934174	-1.59279494260075	0.13533456124625	-7.44669309391708	9.57089156599894e-14	5.64560593861226e-13
Sm_t00004026-RA	142.863367292693	-1.59167868737161	0.2075787905233	-4.84962208727495	1.23696916249053e-06	4.66397290827687e-06
Sm_t00009872-RA	103.268684480332	-1.59062203673072	0.230103908200488	-4.37029533568168	1.24078603321594e-05	4.28817712475335e-05
Sm_t00000825-RA	394.953983376254	-1.59018750922757	0.139415054592132	-7.21003561751861	5.59372436428819e-13	3.16939661429635e-12
Sm_t00000018-RA	74.8681776367391	-1.58997744767709	0.245014055867767	-4.10171344708271	4.10101956700043e-05	0.000134743163603734
Sm_t00004029-RA	880.157960475796	-1.58859527539908	0.169125340683978	-5.93403254261206	2.95583204213182e-09	1.34347203704862e-08
Sm_t00012613-RA	1480.02327731013	-1.58817222350657	0.140173101943802	-7.15666707517654	8.26621200069142e-13	4.64726829252506e-12
Sm_t00010719-RA	1007.43924898727	-1.58745495274562	0.130618805578612	-7.67466023215392	1.65857681823044e-14	1.02101155351377e-13
Sm_t00011979-RA	43.2166601953695	-1.58709340299322	0.411205695048119	-2.43696382384966	0.0148111610308262	0.0358402557308982
Sm_t00002473-RA	647.670605292049	-1.58655665617265	0.182438553637787	-5.48983006169372	4.02320638700602e-08	1.69839259996823e-07
Sm_t00000049-RA	397.920150355184	-1.58645772504917	0.281972624422629	-3.55161330678739	0.000382877101343983	0.00113345774910042
Sm_t00021687-RA	60.1339104604454	-1.58517627149807	0.312904282558077	-3.19642883542967	0.00139140144898132	0.00385016035500511
Sm_t00002318-RA	401.759875451232	-1.58492317603433	0.131548944559285	-7.60114936219568	2.93512103734706e-14	1.77793622691372e-13
Sm_t00005050-RA	714.329929049543	-1.58491618474025	0.140927532371213	-7.0952507853923	1.2911712980162e-12	7.18621165464547e-12
Sm_t00008841-RA	316.243666756525	-1.58439652956616	0.16592137587023	-6.02331389987875	1.70881569776113e-09	7.87426055139831e-09
Sm_t00011212-RA	53.1087721207195	-1.58436269583006	0.296956280558081	-3.36535295347829	0.000764458018930626	0.00218465288717557
Sm_t00007051-RA	67.5544633476059	-1.58398601201729	0.290376071837933	-3.44031794938962	0.000581031176715611	0.0016832725811702
Sm_t00006779-RA	447.517057631455	-1.58361521267474	0.121484911167539	-8.22007608251494	2.03374119203865e-16	1.37603821190007e-15
Sm_t00004755-RA	104.559590398737	-1.58219370751744	0.226024247704927	-4.411888182985	1.02473033865732e-05	3.56888103310761e-05
Sm_t00006830-RA	58.6382014608636	-1.58196269174616	0.313151693326365	-3.18364138847918	0.001454350672208	0.00401102210225841
Sm_t00012393-RA	123.10048092544	-1.58079815134907	0.274634959824542	-3.62589727100027	0.000287959822351113	0.00086491790853315
Sm_t00011527-RA	178.967104231314	-1.58076528909417	0.20370607675497	-4.88824538254663	1.01738670964234e-06	3.87020502608405e-06
Sm_t00001614-RA	84.3781040246221	-1.57959327044757	0.247191100679632	-4.02358041091697	5.73200008765433e-05	0.000186055451013534
Sm_t00013496-RA	181.060816220749	-1.57880751428975	0.205947128953983	-4.82554682523302	1.39619655431631e-06	5.24179450119474e-06
Sm_t00004896-RA	143.792260408706	-1.57804253608575	0.198068350787463	-5.01363560678773	5.34110937219617e-07	2.08463448739559e-06
Sm_t00012469-RA	102.735548780871	-1.5776603105871	0.221253198261873	-4.48653541908214	7.23906876551739e-06	2.54943779061287e-05
Sm_t00008576-RA	105.061346874968	-1.57729318422698	0.235399387048706	-4.21536010211303	2.49379945023546e-05	8.37196921443415e-05
Sm_t00005248-RA	37.7410820139898	-1.57703680902437	0.36889943265909	-2.68917954650567	0.00716278819226804	0.0181278829697358
Sm_t00015526-RA	109.964973682167	-1.5767614192038	0.318106957215948	-3.11769798398511	0.0018226947831052	0.00498153399458021
Sm_t00016330-RA	243.307218579178	-1.57529308122386	0.23526527577501	-4.2092615578803	2.56206661407816e-05	8.58039920734097e-05
Sm_t00011237-RA	179.102136442061	-1.57474554678761	0.195369067208219	-5.06602995515542	4.06198023669455e-07	1.60152584101439e-06
Sm_t00007371-RA	185.623651191924	-1.57361773760262	0.166416286923367	-5.94063090746564	2.83927223792659e-09	1.29190376780609e-08
Sm_t00017243-RA	342.049712572785	-1.56891008694746	0.158134270439904	-6.22199150260334	4.908836292496e-10	2.34100758546803e-09
Sm_t00013370-RA	7197.93097520726	-1.56810814416757	0.0751877524203003	-13.0753761420076	4.55306164354226e-39	6.9201551877853e-38
Sm_t00010270-RA	294.749307532638	-1.56709864240401	0.205843268919929	-4.77109913555658	1.83223328251155e-06	6.78704514566986e-06
Sm_t00005766-RA	57.6233508940545	-1.56679184288368	0.255600520334535	-3.84111832635821	0.000122475055208417	0.000382846588414677
Sm_t00014635-RA	829.961252325034	-1.56669926811421	0.124241430541501	-7.9015451112847	2.75467118346981e-15	1.76421809205075e-14
Sm_t00005295-RA	530.393198798601	-1.56574613985405	0.122463614749243	-8.00846963289646	1.16144631894268e-15	7.56939467173204e-15
Sm_t00007731-RA	909.874228564259	-1.56416689708695	0.251670199943329	-3.89067476923147	9.99658460628915e-05	0.000315504180317478
Sm_t00013064-RA	121.739596456485	-1.56397814314274	0.22135761283316	-4.42260887535232	9.75161805596079e-06	3.40122390234914e-05
Sm_t00020502-RA	685.048353773682	-1.56379433164273	0.149709462995023	-6.5379590044703	6.23640121842883e-11	3.14234638525673e-10
Sm_t00005757-RA	84.7990080573548	-1.56361871701894	0.211724641357476	-4.62212952986724	3.7982071911905e-06	1.36594420101147e-05
Sm_t00005620-RA	40.6941244134063	-1.56328867981946	0.339324620741195	-2.88304655784353	0.00393849224693226	0.0103367581297302
Sm_t00007950-RA	142.25476233255	-1.56218932000407	0.232068523603821	-4.21077923377619	2.54491349547885e-05	8.53324657964707e-05
Sm_t00005960-RA	98.0293464243989	-1.56187657262897	0.287246818102251	-3.40082643589538	0.000671824690047092	0.00193252558915636
Sm_t00007846-RA	616.480281938442	-1.56176456375326	0.127745050695688	-7.64620279559871	2.0700111792198e-14	1.26493933321509e-13
Sm_t00010434-RA	235.752551586049	-1.56163894809507	0.199123156151323	-4.90469801188203	9.35711862724834e-07	3.57256204658957e-06
Sm_t00003808-RA	780.04814336376	-1.56055233337126	0.0880124821978759	-11.0842497451436	1.49599256664035e-28	1.61714757787768e-27
Sm_t00009092-RA	10471.6537951729	-1.55887889641351	0.218290506110443	-4.461389154143	8.14300631062837e-06	2.85631078379548e-05
Sm_t00008322-RA	1336.36705482822	-1.55830908829388	0.113529871990979	-8.57315410671135	1.00688623714243e-17	7.2109677292857e-17
Sm_t00007668-RA	61.7288862389373	-1.55732758831295	0.317572653549339	-3.06174847690998	0.00220048271556997	0.00594383672384701
Sm_t00016969-RA	1553.18641615157	-1.55671667526286	0.0872138169552914	-11.1417744250431	7.85387324983688e-29	8.55656119004465e-28
Sm_t00012694-RA	180.252176323967	-1.55632233132078	0.232223431904415	-4.18270595415445	2.88059861476148e-05	9.58758161649599e-05
Sm_t00002953-RA	194.536423770099	-1.55569308439463	0.178074726124288	-5.45104353392146	5.0075109179627e-08	2.10166583198344e-07
Sm_t00010345-RA	103.753245254488	-1.555010117202	0.327228240145878	-2.96432275151306	0.00303349941998059	0.00806963164133451
Sm_t00016930-RA	303.893610218058	-1.55350280092277	0.138321682993044	-7.00181475504075	2.52668024301321e-12	1.38224760223692e-11
Sm_t00006857-RA	180.256246792421	-1.55329118546271	0.179020070680907	-5.40884148788341	6.34337412795742e-08	2.64301966542058e-07
Sm_t00015427-RA	36.885863493643	-1.55094039951156	0.375783764947429	-2.57046868335754	0.0101561008794166	0.0251421841074047
Sm_t00012094-RA	159.529284152943	-1.55073405486952	0.217420883547617	-4.44177228567845	8.92209529591572e-06	3.12170265573123e-05
Sm_t00020202-RA	5209.7868660641	-1.55003424335165	0.150606823214299	-6.40763959265309	1.47789755796723e-10	7.29446445055353e-10
Sm_t00008824-RA	153.113967197541	-1.54968151927625	0.261163025799538	-3.6937905598349	0.000220935794348665	0.000671964298385989
Sm_t00009547-RA	55.7556018451412	-1.54891198731957	0.2832907345682	-3.40255387734015	0.000667591911433359	0.00192101331156623
Sm_t00017869-RA	135.22822778974	-1.54847806781973	0.193188025118248	-4.98725563983583	6.12430059732097e-07	2.37750173270037e-06
Sm_t00008266-RA	72.4863914403346	-1.54772106914076	0.269428198203327	-3.57320085856133	0.000352644052846294	0.00104917746603207
Sm_t00018485-RA	36.5761801306086	-1.54760088366394	0.350505407494156	-2.74632249055953	0.00602674898565475	0.0154001510359007
Sm_t00020829-RA	122.223603466858	-1.54694977943659	0.169641659153366	-5.67048084908747	1.42397287401544e-08	6.19012007707441e-08
Sm_t00004353-RA	123.149753271	-1.5461502047685	0.264864324943577	-3.62883980306994	0.000284697832086695	0.000855428659253275
Sm_t00007329-RA	62.1428431483783	-1.54551034876264	0.276910755091841	-3.46866393269584	0.000523053303965079	0.00152592328151494
Sm_t00005046-RA	857.504892335777	-1.54548999369134	0.120652650580587	-7.96078651458887	1.70949116804062e-15	1.10460449484952e-14
Sm_t00003202-RA	163.598371312409	-1.54502188507996	0.179475441149377	-5.34904318346783	8.84204442642531e-08	3.65213925255127e-07
Sm_t00003109-RA	155.434790282412	-1.54232124295171	0.254726756799309	-3.75822805181771	0.000171120885996885	0.000526122502572186
Sm_t00007470-RA	237.938569915763	-1.54132758593697	0.20459844784161	-4.67416833326767	2.95147182189429e-06	1.07091303875223e-05
Sm_t00017913-RA	177.123065612727	-1.54083959808224	0.237456678110465	-4.02532203216277	5.68973976506938e-05	0.000184755721260284
Sm_t00005291-RA	74.4996205736558	-1.5407937326152	0.306804892735974	-3.11531450522768	0.00183748878003473	0.00501867324115732
Sm_t00003982-RA	71.7293434133535	-1.54022977785598	0.235978873611989	-4.04794617092135	5.16690250113459e-05	0.000168500904197142
Sm_t00001895-RA	104.702227225779	-1.53910563790967	0.254154506585568	-3.75403785172878	0.000174008569507215	0.000534597188373068
Sm_t00001628-RA	1007.38537422067	-1.53901073073383	0.17967412187811	-5.30967242673394	1.09822441335826e-07	4.49158415853716e-07
Sm_t00002289-RA	1840.4365157579	-1.53895480631961	0.14812112605056	-6.44036966066528	1.1918286659412e-10	5.92111002602103e-10
Sm_t00002236-RA	50.8693471045195	-1.53887061544592	0.344364549647747	-2.76994428265523	0.00560658825739313	0.0143860978422142
Sm_t00011724-RA	43.6153912812573	-1.53860189329206	0.335668837148327	-2.84090087537878	0.00449862930035673	0.0117109184068358
Sm_t00009239-RA	39.2869528419706	-1.53837647880589	0.327083137825929	-2.91478333350607	0.00355935555711035	0.00938160520100384
Sm_t00016340-RA	62.240621083467	-1.5382497508157	0.280534485285057	-3.39797707881467	0.000678861076330794	0.0019520918020919
Sm_t00003774-RA	213.754304363219	-1.53792331354453	0.198234922511838	-4.80704056313601	1.53180919889029e-06	5.72330166514092e-06
Sm_t00011218-RA	116.423550692838	-1.53761294947033	0.245352100610418	-3.88263620772065	0.000103330101303059	0.000325690222801583
Sm_t00001390-RA	341.254498609584	-1.5373790750366	0.181962068956246	-5.23394287886233	1.65931750368284e-07	6.71711080834722e-07
Sm_t00007705-RA	94.8445020274354	-1.53720165346741	0.224461017403159	-4.24216937303259	2.21369522069121e-05	7.46774706080888e-05
Sm_t00009420-RA	511.780729762692	-1.5368624245115	0.178120935651595	-5.34391098401452	9.09622511131603e-08	3.75154538015109e-07
Sm_t00016612-RA	56.9277456968544	-1.53653018811827	0.411399619850842	-2.31290974080934	0.0207276021592174	0.0489759428040061
Sm_t00000215-RA	143.360704288375	-1.53539574089223	0.195934573867258	-4.85057701728591	1.23102820686917e-06	4.64577885591903e-06
Sm_t00007850-RA	70.6985448893011	-1.53483636696428	0.23840856270841	-3.98406985124102	6.77449454936638e-05	0.0002183198494938
Sm_t00007631-RA	306.279756364957	-1.53438263158235	0.158178837439014	-6.00195732218844	1.94952950362097e-09	8.95128513542397e-09
Sm_t00013468-RA	374.613298511264	-1.53415363971782	0.167237592684849	-5.67548016256398	1.38300170794615e-08	6.01986998980061e-08
Sm_t00004838-RA	539.941968196606	-1.53332454904051	0.151858884375528	-6.24477489703814	4.24410886909198e-10	2.03331508603204e-09
Sm_t00000433-RA	204.775019953316	-1.53310973597039	0.163140804748901	-5.81160389290514	6.18771126844797e-09	2.76044173298892e-08
Sm_t00012457-RA	1073.4738091301	-1.53214080050936	0.0865480006733439	-10.9435318336715	7.13645193110729e-28	7.47666768983555e-27
Sm_t00010675-RA	43.5283840987056	-1.53176617483605	0.363652440176848	-2.603491879157	0.00922794537672739	0.0230083990548608
Sm_t00011911-RA	24.710644470359	-1.53145090669094	0.404136161853048	-2.34191095978955	0.0191852913529873	0.0456489906239198
Sm_t00014139-RA	139.484523757303	-1.5311248636027	0.209320389923512	-4.51998424018047	6.1844235023613e-06	2.19238405410374e-05
Sm_t00005774-RA	626.155936071408	-1.5297405357044	0.137068977163656	-6.892446089945	5.48410781993025e-12	2.94406278003217e-11
Sm_t00000846-RA	359.481476641626	-1.52972803843815	0.265870095948691	-3.5533444822635	0.000380366021510696	0.00112697523208423
Sm_t00003700-RA	1661.72916182424	-1.52818375146252	0.251148138829605	-3.75548772074491	0.000173004243675921	0.000531716732685147
Sm_t00009951-RA	381.057569605985	-1.52750821082972	0.170148803949734	-5.53931728552241	3.03653067048955e-08	1.29334001301496e-07
Sm_t00011932-RA	66.4828575780035	-1.52743351624716	0.263133610681617	-3.5815778676312	0.000341525312191618	0.00101755118055589
Sm_t00009737-RA	83.6234651250486	-1.52660140876725	0.267226505743942	-3.5236078327855	0.000425713830636213	0.00125447390602123
Sm_t00003079-RA	387.885939946586	-1.5265211555258	0.148818521657971	-6.32663962144242	2.50557591566949e-10	1.21933636001234e-09
Sm_t00007880-RA	116.259364190607	-1.52547513170817	0.228961400476178	-4.10757066366746	3.99842468277074e-05	0.000131553937123435
Sm_t00011640-RA	41.5103287705178	-1.52535490904813	0.332974836570984	-2.82410202143808	0.00474132901630361	0.012302345600247
Sm_t00017050-RA	780.775498752872	-1.52393052410081	0.0992068441170772	-9.46437246801996	2.9532898939552e-21	2.42703024437621e-20
Sm_t00000106-RA	490.716298773042	-1.52348769320762	0.250058482364833	-3.75307281853522	0.000174680085683549	0.000536372510104434
Sm_t00004503-RA	288.334912623442	-1.52321238230509	0.139162005890926	-6.74187165022937	1.56359181757043e-11	8.15731678580903e-11
Sm_t00013234-RA	156.521764778503	-1.5230174222585	0.197186641873768	-4.75700287476363	1.96488372387009e-06	7.26549013811942e-06
Sm_t00017214-RA	232.197924842016	-1.52280179432555	0.176588725445683	-5.31065498071115	1.09231949210425e-07	4.47072680576721e-07
Sm_t00003436-RA	55.7462983179132	-1.52272004695317	0.282526229610918	-3.31905482986325	0.000903226925977929	0.00255840063474585
Sm_t00004563-RA	1352.16312065466	-1.52198414345546	0.0999379822559522	-9.37565600489853	6.87469195540994e-21	5.56997172146006e-20
Sm_t00000571-RA	129.685867582735	-1.52105781034747	0.194598871928806	-4.81019134936164	1.507858759591e-06	5.64067173080325e-06
Sm_t00009668-RA	97.8846054205376	-1.52069801839803	0.226992293949975	-4.12215763855065	3.75340198106358e-05	0.000123810238020905
Sm_t00006038-RA	318.305755540145	-1.52069681166518	0.150676047890604	-6.20999040500803	5.29878366238088e-10	2.52408173428483e-09
Sm_t00013304-RA	4251.97397790585	-1.52058399232431	0.340481792077746	-2.74782386046265	0.00599922282124427	0.0153345179923718
Sm_t00000673-RA	273.376686252878	-1.52000121413046	0.176051080654321	-5.31096549169358	1.0904597911137e-07	4.46421214066652e-07
Sm_t00008546-RA	73.2051418600232	-1.51890070351004	0.246730285529343	-3.78510769971518	0.000153642025760684	0.000474748444652472
Sm_t00013354-RA	388.645441456332	-1.51688909353688	0.25865996452862	-3.60275737002883	0.000314859397635797	0.000941807837280859
Sm_t00008184-RA	44.2705722357086	-1.51463966685514	0.34309959932273	-2.70953294230078	0.00673780138241726	0.0171121048068771
Sm_t00005377-RA	115.621617810537	-1.51450180826848	0.217949501685028	-4.26475766671749	2.00119282100062e-05	6.77971730978816e-05
Sm_t00001339-RA	2155.89831069637	-1.51335908089461	0.187343163769945	-4.9553934192903	7.21840822842683e-07	2.78924250218358e-06
Sm_t00013975-RA	465.38236313786	-1.51246390230892	0.129330334705127	-7.17127891475376	7.43003519728773e-13	4.18706110678007e-12
Sm_t00004692-RA	148.579867831809	-1.51209200780841	0.295065449800616	-3.14198767912297	0.00167805097041619	0.00460282777296113
Sm_t00004805-RA	104.512947486277	-1.51167891868156	0.212363623774799	-4.36364242712423	1.27914594569029e-05	4.41342443316257e-05
Sm_t00020284-RA	523.539315391732	-1.51021091221776	0.154308863749483	-5.99583776159368	2.02439053746669e-09	9.28477356088107e-09
Sm_t00004845-RA	98.5393429172841	-1.50838250137061	0.235650443954812	-3.91844159456654	8.91233180517544e-05	0.000282837918099852
Sm_t00000295-RA	233.417112597945	-1.50778091648402	0.176064785624133	-5.24114412324331	1.59584008133238e-07	6.47588406207911e-07
Sm_t00002888-RA	1116.20198746261	-1.50726112617187	0.136681311636483	-6.7475290888685	1.50384094955909e-11	7.85543510120893e-11
Sm_t00003255-RA	102.848101446501	-1.50656515438857	0.217671325305946	-4.23374623687008	2.29830275294871e-05	7.73905948223563e-05
Sm_t00003777-RA	68.9575056848503	-1.50638883605779	0.350359305982839	-2.62983976827183	0.00854251208187643	0.0214083295110422
Sm_t00010432-RA	42.5804647994914	-1.50328780790053	0.323546530269494	-2.83819395972399	0.00453696038461446	0.0118070123553988
Sm_t00012653-RA	10331.4565158451	-1.50272842904127	0.261667500471553	-3.50723122813276	0.000452795507776394	0.00132910441736373
Sm_t00015688-RA	409.622612154467	-1.50228819692669	0.132166751019039	-6.94038545893101	3.91031515847765e-12	2.11281316606943e-11
Sm_t00007197-RA	67.0787437886571	-1.50161254449043	0.275563068305659	-3.32632580311417	0.000879990044669923	0.00249640227590456
Sm_t00010723-RA	364.709890358315	-1.50003473879125	0.166470457393324	-5.49667942960755	3.87009296850316e-08	1.63541371560948e-07
Sm_t00001978-RA	129.578129084364	-1.4995701952522	0.257110987417607	-3.55710272998457	0.000374967548440437	0.00111182082981858
Sm_t00007863-RA	45.7817529759598	-1.49936680709045	0.325983741662831	-2.80494604554908	0.00503250030245989	0.0130051799625158
Sm_t00004363-RA	2462.69710140959	-1.49920669044826	0.324977905736322	-2.8131349064389	0.00490610633129929	0.0126962745482031
Sm_t00010834-RA	1201.52855785855	-1.49875348473015	0.133758907506265	-6.8313467997438	8.41210958382583e-12	4.47410349448821e-11
Sm_t00013937-RA	852.004393711926	-1.4949666317579	0.358613260280582	-2.53745952128468	0.0111660280264303	0.027482815435029
Sm_t00014675-RA	48.59236968804	-1.49489103438898	0.363766007645208	-2.50130857547422	0.012373531411921	0.0302625585464367
Sm_t00004430-RA	67.7551770924422	-1.49487291862001	0.262270629108603	-3.46921392499213	0.000521983640145521	0.00152306944780944
Sm_t00018441-RA	182.719880575314	-1.494734118307	0.179005638578377	-5.08215342003696	3.73179799107811e-07	1.47483489763652e-06
Sm_t00014377-RA	494.595320117138	-1.49251395575496	0.119968967204108	-7.56457254659003	3.89142111858163e-14	2.34611990565808e-13
Sm_t00005786-RA	1875.22680227952	-1.49244086769852	0.0942695943909903	-9.62601858595936	6.20886884750484e-22	5.22888459361656e-21
Sm_t00008297-RA	294.254759175685	-1.49103476233772	0.175637704419489	-5.15854363578885	2.48878109502512e-07	9.94437886325939e-07
Sm_t00012765-RA	149.04020907814	-1.48941945723945	0.228645385980736	-3.95555525146546	7.63570977902059e-05	0.000244231285520209
Sm_t00007549-RA	528.172681245791	-1.4892332861434	0.135224299939655	-6.68691416074564	2.27925477381348e-11	1.17402059437801e-10
Sm_t00008083-RA	606.618397969813	-1.48897760396575	0.127662941618277	-7.08097112996749	1.43147725429359e-12	7.94851603400754e-12
Sm_t00011097-RA	490.551855907642	-1.48883145539548	0.184261834380965	-4.90514738677129	9.33572114309463e-07	3.5652096011387e-06
Sm_t00014699-RA	183.096028899726	-1.48877439586463	0.236975050886346	-3.81379555562618	0.000136848689506701	0.000425462013774285
Sm_t00009914-RA	33.8509207072016	-1.48812590775506	0.348045224113222	-2.59485217777694	0.0094631609038258	0.0235420152831437
Sm_t00004627-RA	60.6870022924255	-1.48798154992953	0.332158554012059	-2.71852565295292	0.00655735707501765	0.0166843522461653
Sm_t00001147-RA	67.5550110591815	-1.4878973546658	0.361348019493873	-2.49869185925097	0.0124652646760081	0.0304824396613245
Sm_t00004763-RA	282.861863947034	-1.48749769703412	0.190180297047687	-4.74548473761098	2.08007598222345e-06	7.66421272105246e-06
Sm_t00020250-RA	413.553203485078	-1.48537640892981	0.120592413526687	-7.46627737681491	8.24953571425998e-14	4.87999879006188e-13
Sm_t00016331-RA	162.891109900111	-1.48533404638268	0.241231019730197	-3.73224822989038	0.000189778345328483	0.000580166576707995
Sm_t00018857-RA	144.696073238565	-1.48503962417979	0.232366165752009	-3.87336779976976	0.000107341644592023	0.000337822995581697
Sm_t00009464-RA	2926.20343692606	-1.48489036724653	0.140330359103108	-6.41265634177798	1.43005644967593e-10	7.07300485115844e-10
Sm_t00006331-RA	116.332547550119	-1.48341529062413	0.203961856352212	-4.40482013005754	1.0587168710684e-05	3.68262803054029e-05
Sm_t00012906-RA	256.357712726929	-1.48290584296918	0.19086747821691	-4.70434173153774	2.54686347158588e-06	9.30591175908699e-06
Sm_t00000834-RA	204.878194058193	-1.48239283072948	0.180519255558654	-4.97117511343768	6.65483072435336e-07	2.57805046991345e-06
Sm_t00003200-RA	75.5279781546805	-1.48209154498396	0.234467442943639	-3.82608149652402	0.000130199201705758	0.0004058492331614
Sm_t00000241-RA	396.114480203298	-1.48115675110508	0.197306143305962	-4.54196071186398	5.57334294547073e-06	1.98208255306685e-05
Sm_t00001159-RA	329.264943228685	-1.47965224671819	0.159177243029314	-5.6204783403205	1.9042946603555e-08	8.2159389930593e-08
Sm_t00000928-RA	997.031579363172	-1.47530178267839	0.132841695535075	-6.70197545350752	2.05620583858746e-11	1.06192685318673e-10
Sm_t00018847-RA	884.68115620632	-1.47457822981193	0.187913333629326	-4.73398141915086	2.20157890032774e-06	8.086858064313e-06
Sm_t00013093-RA	1452.28038293119	-1.47350266501039	0.14110803480556	-6.29661284869218	3.04219827324861e-10	1.47359519731827e-09
Sm_t00015002-RA	984.512295442388	-1.47340669399713	0.184567368051301	-4.8134548559537	1.48343123606806e-06	5.55303315290376e-06
Sm_t00009198-RA	1278.655649451	-1.47283840429822	0.0920611753274451	-9.64400466472792	5.21142909532477e-22	4.40446402181228e-21
Sm_t00011687-RA	115.454486631531	-1.47214504667404	0.204292268709041	-4.34252873238946	1.40852057774345e-05	4.83875763746142e-05
Sm_t00007558-RA	1887.24772427949	-1.47159548244707	0.118147153295925	-7.50416288259098	6.18223936754105e-14	3.68457042520568e-13
Sm_t00016535-RA	113.48663536865	-1.47130591059326	0.18894532204288	-4.69080631904776	2.7213048168684e-06	9.90852363702598e-06
Sm_t00001826-RA	52.1356110791592	-1.47029777506973	0.315233643911691	-2.80838607226116	0.00497904962186011	0.0128710441652616
Sm_t00011958-RA	718.287231914749	-1.47019917342786	0.210278765318953	-4.20964604811702	2.55771064688773e-05	8.56753347191951e-05
Sm_t00016595-RA	107.320114703375	-1.46860978068419	0.194361353546274	-4.54622158449735	5.46175356703703e-06	1.94364219012397e-05
Sm_t00000157-RA	2445.96665720605	-1.46771777330718	0.0932151243949404	-9.46968401358578	2.80691504618844e-21	2.30901683157565e-20
Sm_t00011113-RA	240.238186061353	-1.46738027375401	0.223033507315492	-3.95626775713944	7.6129828822265e-05	0.000243691523543676
Sm_t00014705-RA	39.1173791775372	-1.46653189891285	0.335324358959193	-2.62889311605343	0.00856632805998918	0.0214615570496766
Sm_t00022403-RA	205.714828448583	-1.46470688343923	0.182915770070297	-4.80935505506798	1.51418044606693e-06	5.66177729979415e-06
Sm_t00008922-RA	167.728714173886	-1.46416307637422	0.32037316686184	-2.74418449268367	0.00606614350184843	0.0154984384131582
Sm_t00013114-RA	239.486183313628	-1.46413440029672	0.187549248856989	-4.6874855839443	2.76582177270362e-06	1.00596198885801e-05
Sm_t00011928-RA	254.554489356946	-1.46406700548161	0.208817021616027	-4.20974783893833	2.55655861804559e-05	8.56539691460245e-05
Sm_t00000795-RA	561.345202968869	-1.46361539961194	0.181149287382159	-4.8502282968322	1.23319453078206e-06	4.65184657920461e-06
Sm_t00008607-RA	47.7906557943635	-1.4634091258847	0.335788457595041	-2.61595985810822	0.00889770173806795	0.0222349108239928
Sm_t00010555-RA	286.305305759704	-1.46319061820783	0.171506098519444	-5.12046292107954	3.04786542787014e-07	1.21143742060274e-06
Sm_t00003798-RA	3118.8430810507	-1.46266515769071	0.205261615234659	-4.27583674954205	1.90420726725766e-05	6.46034310753118e-05
Sm_t00009152-RA	3711.04140246116	-1.46195984506983	0.157662016807694	-5.56227722330539	2.66276843000799e-08	1.13880350467453e-07
Sm_t00007142-RA	108.8413073947	-1.46091213790434	0.248911340722044	-3.51897239942338	0.000433221775565825	0.00127569530446801
Sm_t00008994-RA	156.688225643051	-1.46062940527497	0.169035544454694	-5.18014958392179	2.21708041557229e-07	8.88432176151147e-07
Sm_t00006937-RA	150.824937369332	-1.45963049479388	0.185328760197136	-4.71934573923404	2.36604389549054e-06	8.67375862919925e-06
Sm_t00010213-RA	210.667392284081	-1.45854916260635	0.33612875391636	-2.59885282775812	0.00935358657299664	0.0232902907523136
Sm_t00015507-RA	147.054381061964	-1.45794208266967	0.195640102809087	-4.46197926772468	8.12060843242477e-06	2.84965441894527e-05
Sm_t00010183-RA	142.873320523099	-1.45713094676876	0.179601301185998	-4.85592777451852	1.19824374133794e-06	4.52820876660785e-06
Sm_t00004239-RA	178.435415008286	-1.45642132767649	0.16297998760969	-5.34679957003921	8.95230554502177e-08	3.69401797792848e-07
Sm_t00008098-RA	279.962842493872	-1.45569510174279	0.285352150037813	-3.0513003025469	0.00227852559872393	0.00614766430572452
Sm_t00005234-RA	227.937747033037	-1.45445336137998	0.202846085967074	-4.28627132357444	1.8169705243033e-05	6.17821902303415e-05
Sm_t00013375-RA	185.608667150268	-1.45426055501609	0.184768753991496	-4.70458633420287	2.54381204815683e-06	9.29680146954727e-06
Sm_t00018727-RA	245.434118956906	-1.45370206752904	0.172452347154273	-5.03734557322038	4.72032113852469e-07	1.85319607649174e-06
Sm_t00018644-RA	428.499315307009	-1.45357667523264	0.12379004935139	-7.01653064833266	2.274450310937e-12	1.24795103028948e-11
Sm_t00013133-RA	152.362555505152	-1.45067745538344	0.186427683048778	-4.64350273106675	3.425514623713e-06	1.23671917212421e-05
Sm_t00012746-RA	41.7981403975434	-1.45037868377078	0.31057992624061	-2.78633166748956	0.00533082972161124	0.0137377725096844
Sm_t00015402-RA	620.400537737468	-1.44988201261047	0.114826148997342	-7.53209978879021	4.99307750878397e-14	2.99297175751434e-13
Sm_t00020480-RA	145.24671043781	-1.44911749701592	0.168762935714007	-5.12030377618161	3.05043875926591e-07	1.2121710126873e-06
Sm_t00011561-RA	532.3980297101	-1.44851407985413	0.0991543352163853	-8.70878795132535	3.07141234481791e-18	2.24697351075875e-17
Sm_t00017244-RA	165.643608051079	-1.44842068000552	0.208429579915633	-4.14250549444569	3.43532135693603e-05	0.000113565356546617
Sm_t00000296-RA	5959.91173223864	-1.44823294676995	0.0783153527779552	-11.0225251646052	2.97591623559228e-28	3.17774440080104e-27
Sm_t00007130-RA	41.3145509872762	-1.44721422437388	0.322841053390061	-2.6707081250046	0.00756914316019739	0.0191130172872306
Sm_t00012789-RA	40.6566770334795	-1.44690459140208	0.365287862199834	-2.3595215735106	0.0182985168741017	0.0436700134797688
Sm_t00010015-RA	41.8579570229185	-1.44688153271208	0.30504366574288	-2.82543658335968	0.00472162334007302	0.0122550329696068
Sm_t00005231-RA	81.4316235747251	-1.44679966350238	0.293217070376236	-2.93911832076005	0.00329147393487549	0.00871414062415065
Sm_t00000742-RA	137.6749851397	-1.44584242966982	0.171896539748434	-5.00791017044115	5.50242026587484e-07	2.14457924166924e-06
Sm_t00004129-RA	81.987168524117	-1.44579382930821	0.275177176362096	-3.12814398595152	0.00175913980680727	0.00481335752274543
Sm_t00002516-RA	41.3823908666471	-1.44563455708065	0.343196174778816	-2.50770439861493	0.0121518277388437	0.0297509033617958
Sm_t00003413-RA	158.528880692055	-1.44485615936374	0.203671665141504	-4.22177605690187	2.42384863020718e-05	8.14698758716531e-05
Sm_t00003452-RA	65.5083064799893	-1.44420901833	0.360784190769656	-2.38150406894788	0.0172421002811772	0.0412848794715898
Sm_t00001721-RA	3314.48789407652	-1.4427872859098	0.138536133736409	-6.19179460819878	5.94830315496293e-10	2.82057597367983e-09
Sm_t00003229-RA	396.36798148789	-1.4408958813304	0.138139390062978	-6.19588577117792	5.79581502396624e-10	2.75218605100427e-09
Sm_t00009281-RA	82.1846074830849	-1.43862523996468	0.269079053026626	-3.17239573412728	0.0015118683684928	0.00416689332931058
Sm_t00018155-RA	1194.29010484861	-1.43817860032132	0.0996134906845372	-8.56489010131394	1.08178975030442e-17	7.72746726439584e-17
Sm_t00014302-RA	457.625023014615	-1.43798472453486	0.126201108524139	-6.75893210852188	1.39012510219658e-11	7.27969316327905e-11
Sm_t00007587-RA	99.373610177819	-1.43705230477068	0.261701324438805	-3.25581961267423	0.00113065560584026	0.00315643725189995
Sm_t00003072-RA	100.246472758376	-1.43684950298214	0.238620266858869	-3.56989586088243	0.000357123171082831	0.00106174509796498
Sm_t00007061-RA	8560.17438525811	-1.43684902014698	0.0772907357777022	-11.0213599544065	3.0146956935888e-28	3.21709166328009e-27
Sm_t00013964-RA	840.154675332134	-1.43682673315485	0.126303934862646	-6.74426124634362	1.53807578330483e-11	8.02922795308425e-11
Sm_t00009862-RA	83.0649579843616	-1.43639950814129	0.294952804888358	-2.88656182965799	0.00389476213476886	0.0102252084540551
Sm_t00014166-RA	34.956308778898	-1.43629007357355	0.369308040897937	-2.30509487825861	0.0211612602835028	0.04990857621444
Sm_t00008394-RA	94.1241889490387	-1.43545543379915	0.198207699869551	-4.29072853556586	1.78087906900549e-05	6.06044607384955e-05
Sm_t00011125-RA	46.2427523560898	-1.434201152361	0.2981282186417	-2.84844271444696	0.00439337619417033	0.0114548224514774
Sm_t00008205-RA	35.4327683025782	-1.43376022926495	0.3387335946757	-2.50568660034309	0.0122213891942042	0.0299168113441667
Sm_t00017944-RA	394.843898822884	-1.43363320005409	0.139598927894131	-6.0790810707205	1.20873239124251e-09	5.63691606195906e-09
Sm_t00016453-RA	1350.1296929693	-1.43311583288835	0.0875248874921729	-9.68999626493887	3.32540830486608e-22	2.83929531227366e-21
Sm_t00014782-RA	40.4189518973983	-1.43236052197549	0.322808787117708	-2.6249611404367	0.00866588568874471	0.0216881496098422
Sm_t00012739-RA	86.6580643879431	-1.43186204278193	0.300156755106356	-2.82139924680975	0.00478146544472802	0.0124006930372535
Sm_t00002031-RA	58.317617951268	-1.43101624429239	0.285847780214833	-2.95967400431291	0.00307964732175263	0.0081858568829991
Sm_t00018145-RA	158.658240174265	-1.43046211606951	0.263315189928794	-3.21083685410684	0.00132349050156597	0.00367139130309506
Sm_t00014429-RA	546.880549626131	-1.42944961731207	0.210018667394859	-4.02083123270377	5.79931427965544e-05	0.000188093803096769
Sm_t00002780-RA	257.663224955767	-1.42902654838987	0.148121769459716	-5.69819380006406	1.21083365256202e-08	5.29954466221178e-08
Sm_t00006541-RA	176.645642186078	-1.42802393435753	0.192007952521408	-4.3905678035056	1.13055054591984e-05	3.92021461155967e-05
Sm_t00020301-RA	943.860968624245	-1.42747833585172	0.115025149345286	-7.32429682245177	2.40154608439787e-13	1.39293017666782e-12
Sm_t00006727-RA	130.491906182016	-1.42744923478734	0.215631617859833	-3.90689103550184	9.34912884477026e-05	0.000296135745001299
Sm_t00006299-RA	139.05499597974	-1.42716798915868	0.18021041851775	-4.67324806237952	2.96473323532964e-06	1.07525639525629e-05
Sm_t00001820-RA	118.762505402829	-1.42712433713519	0.223747661160195	-3.76372353019708	0.000167401953521451	0.000515163817062689
Sm_t00005697-RA	134.33665671728	-1.4270343804858	0.225256638040735	-3.73811128413239	0.000185407881084426	0.000567534818652034
Sm_t00003613-RA	168.143956886653	-1.42605360292593	0.199900595150773	-4.20735917415141	2.5837231274481e-05	8.64944932818137e-05
Sm_t00002070-RA	60.1825614560712	-1.42601304074905	0.255375371556593	-3.29324255359009	0.000990389950195431	0.00279058115533753
Sm_t00008796-RA	137.908982823927	-1.42566693936922	0.281773285511578	-2.98348701809307	0.00284984125035348	0.00760048920083066
Sm_t00016531-RA	128.415208050065	-1.42442689336068	0.200461375513661	-4.18747447586717	2.82075731530912e-05	9.40327703790662e-05
Sm_t00002503-RA	2737.91969514382	-1.42419146373731	0.107954005780671	-7.77360189340532	7.62852367236143e-15	4.78809145946484e-14
Sm_t00001919-RA	210.946656020829	-1.42330048586522	0.163016919599938	-5.14241397716571	2.71230642990278e-07	1.08115818399906e-06
Sm_t00015430-RA	89.8618597378184	-1.42162988817482	0.248058862137469	-3.37270711058562	0.000744330835349387	0.00212859451592276
Sm_t00006097-RA	472.428701921766	-1.42136480149606	0.198637053083707	-4.21051756715105	2.54786309727034e-05	8.53969888819503e-05
Sm_t00014179-RA	206.430513883833	-1.42104506624085	0.184898812384983	-4.5216356744363	6.13636090680813e-06	2.17580885452554e-05
Sm_t00012079-RA	222.158774840521	-1.42090267169063	0.239095248050071	-3.4961074237476	0.000472098600066869	0.00138405816260364
Sm_t00004348-RA	466.069297173963	-1.41941549991517	0.243980576890739	-3.42000789796001	0.000626193176565501	0.00180656839889645
Sm_t00004047-RA	619.217812005803	-1.41928674791777	0.125528105416762	-6.64621476718603	3.00726370029808e-11	1.54043661499278e-10
Sm_t00009385-RA	1140.81313012623	-1.41812819345828	0.100796321667921	-8.26546226759207	1.39154453219792e-16	9.46136686422566e-16
Sm_t00012875-RA	332.076227693682	-1.41758547304118	0.13372968919569	-6.22588355696272	4.78849626000969e-10	2.28689136179018e-09
Sm_t00014467-RA	417.167575029443	-1.41747337723621	0.171032526896394	-4.8673395192278	1.13110614233739e-06	4.28226502705825e-06
Sm_t00000133-RA	531.03404768861	-1.41543186105032	0.117899749291658	-7.04354221310527	1.87413187223595e-12	1.03340909393269e-11
Sm_t00008710-RA	349.648318355954	-1.4153961034796	0.142619605256723	-5.8224540867635	5.79897335603632e-09	2.59118289068812e-08
Sm_t00012378-RA	112.186402354078	-1.41523507689415	0.19652029687478	-4.22467851971119	2.39282108767949e-05	8.04919500778776e-05
Sm_t00003844-RA	78.5747680008431	-1.41510670500688	0.235819596875575	-3.52009212128739	0.000431396937642179	0.00127054635559467
Sm_t00017886-RA	62.9053372893715	-1.41486093811477	0.311009876258432	-2.66827840999237	0.00762410517200596	0.0192427793871629
Sm_t00017940-RA	158.99199299878	-1.41463900465542	0.237036509538561	-3.50004733984008	0.000465175539597323	0.00136448215154291
Sm_t00011884-RA	156.909751512447	-1.41415322349742	0.196309836682154	-4.22369677195497	2.403273505104e-05	8.08272361155308e-05
Sm_t00006695-RA	349.566466019894	-1.41352777522353	0.121896670340571	-6.79696806244734	1.06843771089848e-11	5.64121565392929e-11
Sm_t00007379-RA	702.157171167599	-1.4133551053477	0.100799733623237	-8.21783030145565	2.07217900570763e-16	1.40033906195042e-15
Sm_t00008929-RA	51.9076898452192	-1.41323559934531	0.272457889792243	-3.03986645414034	0.00236683071622561	0.00636632747794062
Sm_t00009393-RA	444.492897097419	-1.41295195892113	0.142051936104154	-5.82851583461742	5.59224914733124e-09	2.50283950285448e-08
Sm_t00018164-RA	91.0801294061327	-1.41024626501322	0.299821921535496	-2.75245472641505	0.00591503244607498	0.0151332530312881
Sm_t00014012-RA	106.988157417172	-1.40965146895316	0.194817065840713	-4.23295292634896	2.30642794739433e-05	7.76328081384013e-05
Sm_t00012580-RA	204.018390118695	-1.40904016096414	0.154103327089661	-5.34732232279899	8.9264968187646e-08	3.6851941513502e-07
Sm_t00005740-RA	1109.59705597916	-1.40864571469605	0.116512619803811	-7.06915453521639	1.55880481592191e-12	8.63537433442873e-12
Sm_t00018679-RA	36.4859462692918	-1.40810914763846	0.294930947339103	-2.7908537746365	0.00525692157307151	0.0135598946367645
Sm_t00005779-RA	1657.95172499003	-1.40774179108697	0.175018674512798	-4.70088002538729	2.59042684706728e-06	9.46301105667691e-06
Sm_t00012069-RA	255.291929993126	-1.40660271133068	0.150562181705879	-5.45689961464337	4.84520092226963e-08	2.03508212211718e-07
Sm_t00014315-RA	41.0775705265601	-1.40621331378813	0.353310669403928	-2.32433771437925	0.0201074009755755	0.0476456736061362
Sm_t00000789-RA	515.46320985879	-1.40617939559357	0.135585064937657	-6.0565623210134	1.39061279917448e-09	6.450801450473e-09
Sm_t00003929-RA	734.302693284332	-1.40531552993207	0.154338725803277	-5.31503370694963	1.06637585433272e-07	4.36883644404191e-07
Sm_t00014001-RA	139.186564814309	-1.40528959755681	0.241399217275297	-3.39806237491373	0.000678649449684689	0.00195182018868224
Sm_t00012659-RA	299.684382137036	-1.40527597247932	0.330651448912508	-2.48078747326574	0.0131092508593487	0.0319273283763668
Sm_t00002182-RA	464.979554204722	-1.40210296027064	0.143790425272453	-5.68259645051054	1.32665050866382e-08	5.7791172001365e-08
Sm_t00006784-RA	278.849164946345	-1.40189965568405	0.149509914899118	-5.46384937905454	4.65918908376785e-08	1.95942367476407e-07
Sm_t00000691-RA	384.726477414517	-1.40134404537795	0.121494419632045	-6.71918963727154	1.82737960789839e-11	9.47657446349603e-11
Sm_t00014476-RA	850.826195391497	-1.40034779585022	0.222062112678575	-3.67171052285896	0.000240932493580527	0.000728394460628752
Sm_t00013977-RA	59.9800479398506	-1.39949953009217	0.277479060548617	-2.93535493626723	0.00333166350872867	0.0088135383084647
Sm_t00013417-RA	111.400366052774	-1.39803697629468	0.243058917193025	-3.34502015266121	0.000822765918948418	0.00234164269226768
Sm_t00006110-RA	279.860039902465	-1.39730527534937	0.179859544429221	-4.51633121793564	6.29202237870113e-06	2.22863084806301e-05
Sm_t00006301-RA	61.4886414518849	-1.39709597219042	0.307119695399753	-2.64423280028777	0.00818763221215309	0.0205715803001578
Sm_t00010208-RA	458.092680172429	-1.39680369193341	0.135277908864593	-6.00100710268955	1.9609741168506e-09	9.00135211862698e-09
Sm_t00002843-RA	401.026250332049	-1.39649969536004	0.134530991223559	-6.03206508760141	1.61877548829332e-09	7.46968478780892e-09
Sm_t00021341-RA	617.042854306182	-1.3960565360359	0.166502900371116	-4.87112557335728	1.10964284611817e-06	4.20387321597373e-06
Sm_t00011769-RA	812.921244121639	-1.39591165541866	0.0949618768024079	-8.53933897184828	1.34991835809852e-17	9.58522592037731e-17
Sm_t00018500-RA	50.6824758113929	-1.39533938749158	0.302124873278245	-2.6821339755939	0.00731541561974927	0.0184860730269696
Sm_t00010782-RA	104.037290599182	-1.39492268511074	0.223877296346903	-3.61770799597178	0.000297223452561419	0.000891456296861383
Sm_t00004520-RA	96.1331137380387	-1.39443010145991	0.232595974248992	-3.4799832803358	0.000501445075063893	0.00146622293495073
Sm_t00012755-RA	299.715076534504	-1.39424363078919	0.206802456609257	-3.91312387704471	9.11097653612433e-05	0.000288811887990027
Sm_t00003628-RA	134.568002231792	-1.39363891443253	0.209067112603769	-3.8678437003389	0.000109802004153953	0.000345109770791803
Sm_t00011094-RA	187.611246883861	-1.39358955005278	0.142871917964375	-5.65954150804081	1.51777937438197e-08	6.58758958271362e-08
Sm_t00006225-RA	222.365295625494	-1.39289505981664	0.15961172509532	-5.06162726663199	4.15693109557338e-07	1.63779938954733e-06
Sm_t00008152-RA	276.805035196735	-1.3927216419097	0.233930375460167	-3.45282924597042	0.000554740035163299	0.00161046697555773
Sm_t00000029-RA	500.381445503423	-1.39250057282062	0.138454330594575	-5.83225218996701	5.46841843109009e-09	2.45005148534424e-08
Sm_t00003018-RA	154.910903379301	-1.3914781205992	0.187981501019893	-4.29019938783152	1.78512773987294e-05	6.07366378488633e-05
Sm_t00009710-RA	468.443716232717	-1.3907132141218	0.160831915354135	-5.00966000652108	5.45262771185924e-07	2.1256698437667e-06
Sm_t00007263-RA	153.945637157629	-1.38997168675018	0.292256552268896	-2.75433238536788	0.00588120059767034	0.0150559458361753
Sm_t00007816-RA	192.150945884632	-1.38973418809898	0.149546899090808	-5.38114927819621	7.4011786068936e-08	3.07070568452388e-07
Sm_t00009287-RA	227.563643124194	-1.38914471700947	0.145416399300149	-5.52994518417185	3.20330869261856e-08	1.36193762638183e-07
Sm_t00006886-RA	378.401852413165	-1.38808882067252	0.132897954629034	-6.04289827420016	1.51370099455942e-09	6.99839888075791e-09
Sm_t00008656-RA	58.1127938982138	-1.38772624735442	0.308190273763426	-2.60464497322393	0.00919695034623486	0.0229379845587034
Sm_t00012186-RA	52.3796461283166	-1.3876430252943	0.29136455485745	-2.75477236991642	0.00587329817871686	0.0150380266002252
Sm_t00007872-RA	347.170396663874	-1.38700777341912	0.189105685687011	-4.2410558440137	2.22470771526048e-05	7.50337742879308e-05
Sm_t00011340-RA	198.896606111358	-1.38689650029691	0.169935182362339	-4.71883743642379	2.37196266634444e-06	8.6916309054038e-06
Sm_t00012230-RA	410.47123870804	-1.38647837914558	0.116747572578637	-6.86505390598792	6.64661497279779e-12	3.55211139611375e-11
Sm_t00003360-RA	57.7808002309455	-1.38635203049754	0.322294549121003	-2.48639647391826	0.0129044109544324	0.03147315925021
Sm_t00013813-RA	812.927470708453	-1.38581293618064	0.158185882018059	-5.06248045631035	4.13836500170398e-07	1.63087021997599e-06
Sm_t00010034-RA	1171.76606905082	-1.38516935577464	0.124910941325954	-6.40591886732006	1.49466435182204e-10	7.37285128002713e-10
Sm_t00014543-RA	122.011717066169	-1.38410386446644	0.206624645159756	-3.86741796385711	0.00010999381322825	0.000345647413838178
Sm_t00000785-RA	230.282916034351	-1.38252658047127	0.164731209190882	-4.84138120753515	1.28939747746001e-06	4.85505948904357e-06
Sm_t00006770-RA	52.6351106172578	-1.38193327891018	0.303162511688769	-2.62873293426308	0.00857036379745818	0.0214652112671866
Sm_t00004275-RA	57.6155192281059	-1.38169574667562	0.286350529832385	-2.78223947111942	0.005398518973588	0.0138928671500122
Sm_t00004262-RA	98.5685229770965	-1.38166067173965	0.235381916103914	-3.3845449341484	0.00071296348260533	0.00204345245926352
Sm_t00002438-RA	54.6298283717912	-1.38147056125465	0.315325354844947	-2.52586907147473	0.0115412484375477	0.0283518826828888
Sm_t00010386-RA	77.5477305889723	-1.38086429339067	0.267401220522433	-2.97629267299437	0.0029175628032704	0.00777239104060105
Sm_t00014808-RA	282.075180845806	-1.38007152681536	0.151082564277089	-5.26249690438917	1.42112057584115e-07	5.77672683073739e-07
Sm_t00001356-RA	187.639393231788	-1.38002262961851	0.176515812388529	-4.50397400017955	6.66943697559378e-06	2.35529957895784e-05
Sm_t00010608-RA	373.879813568167	-1.37986205919591	0.127219337038039	-6.2479657393455	4.15832855357303e-10	1.99508747250633e-09
Sm_t00013482-RA	116.591936345579	-1.37803264326331	0.238259129261851	-3.32844598954171	0.000873319367473208	0.00247832266156196
Sm_t00006330-RA	268.853718853144	-1.37777444740267	0.158633840842663	-4.99751152207786	5.80748697661281e-07	2.25925077198543e-06
Sm_t00003233-RA	152.25263640851	-1.37702864963876	0.169259070582291	-4.67938673486738	2.8773425872252e-06	1.04515422629737e-05
Sm_t00004762-RA	54.5324257701863	-1.37559305364757	0.309927759890682	-2.55089461468836	0.0107446809919911	0.0265162808836426
Sm_t00015370-RA	113.997031551263	-1.37481159861079	0.242154536851215	-3.2616014916791	0.00110784766379023	0.00309761593044829
Sm_t00010706-RA	629.648212260905	-1.37346749729043	0.14469200005024	-5.44928190236263	5.05735983030311e-08	2.12151851053108e-07
Sm_t00016657-RA	1533.64790415566	-1.3711883471408	0.126900731515842	-6.19530193206695	5.81734053286195e-10	2.76004724000041e-09
Sm_t00012733-RA	105.012638412654	-1.36966080555084	0.224452631633461	-3.49588596863598	0.000472490570892263	0.00138496356324535
Sm_t00006254-RA	158.213712625781	-1.36838269687452	0.18684539218161	-4.19267870471802	2.7567976013426e-05	9.20110888462534e-05
Sm_t00008652-RA	248.033948713823	-1.36809158120735	0.194774793144493	-4.02049756318528	5.80753500824065e-05	0.000188287112042181
Sm_t00017618-RA	566.456538600209	-1.36791828106594	0.29696229211949	-2.63642321547988	0.00837851601999346	0.0210174703602848
Sm_t00001484-RA	67.6019538688437	-1.36752015838201	0.263947776791478	-2.96467796733977	0.00302999927963966	0.00806160804987023
Sm_t00019167-RA	207.223573098641	-1.36684377220601	0.148808038114364	-5.25404260491049	1.48796436431697e-07	6.04401618648915e-07
Sm_t00012007-RA	799.61959702361	-1.36667856468079	0.111662662749425	-7.00035755402778	2.55310094373621e-12	1.39486899051354e-11
Sm_t00010241-RA	422.342033370753	-1.36639676306609	0.121271206784892	-6.44338243002822	1.16839787261046e-10	5.81163683545686e-10
Sm_t00009896-RA	86.4475871612287	-1.36577101532225	0.219333063111112	-3.55975065613669	0.000371207078935153	0.00110145484875343
Sm_t00003201-RA	120.544201205216	-1.36521616529812	0.194149262088555	-4.0186408998158	5.85348018496392e-05	0.000189739779959387
Sm_t00001783-RA	252.154742524509	-1.36466907642972	0.151381022002455	-5.15037529880776	2.59965732295339e-07	1.03774482831914e-06
Sm_t00013466-RA	136.639703847826	-1.36344030959962	0.211168159413173	-3.68635267628831	0.0002274910366058	0.000690766621906565
Sm_t00007467-RA	656.813175840287	-1.36130873346761	0.158758491011201	-4.88987221107334	1.00901459747886e-06	3.84011084414049e-06
Sm_t00008930-RA	137.364505321237	-1.36059826075855	0.191131698972038	-4.05792584343648	4.95104828319819e-05	0.000161619757596542
Sm_t00009609-RA	968.986039713403	-1.36052534829567	0.0913752719893294	-8.48725625009616	2.11572897239492e-17	1.48896549312018e-16
Sm_t00003335-RA	98.736619340805	-1.36011017247518	0.233624530319062	-3.31776021728799	0.000907423472204368	0.00256941359850083
Sm_t00001610-RA	81.8495139136086	-1.35996115265239	0.297892588759122	-2.60147845866358	0.0092822894406432	0.0231265895157395
Sm_t00004375-RA	152.074061042065	-1.35958597046569	0.159971103696957	-4.84203679642688	1.28514957551364e-06	4.84015863190284e-06
Sm_t00011183-RA	46.923454753595	-1.3594721949426	0.298722648123822	-2.59261291303757	0.0095249908884598	0.0236887575724042
Sm_t00001647-RA	282.953612911253	-1.35931325778897	0.200374955868169	-3.86432153875761	0.000111398400190546	0.000349797276225092
Sm_t00000259-RA	15112.0179044079	-1.35858471419522	0.237257788285012	-3.26052400550043	0.00111206553261635	0.00310818584602738
Sm_t00000930-RA	313.94019987655	-1.35799779510592	0.149027892207556	-5.18693369177728	2.13784805984014e-07	8.58333887221428e-07
Sm_t00003015-RA	184.65217597878	-1.35776553370735	0.184752710848638	-4.18270200289756	2.88064869675606e-05	9.58758161649599e-05
Sm_t00011605-RA	99.7067285820526	-1.3572115711301	0.219453393665928	-3.51879530423499	0.000433511051069934	0.00127632150737415
Sm_t00018662-RA	1100.2170807825	-1.3563690547016	0.185964558144373	-4.14793583464841	3.35486389661961e-05	0.000111059862460035
Sm_t00007430-RA	734.834717116591	-1.35616066508	0.106301640155815	-7.25445688278796	4.03276710930703e-13	2.30376661546078e-12
Sm_t00003667-RA	96.2685552727543	-1.35552614059857	0.197447325852311	-3.90243897845911	9.52282503079001e-05	0.000301293863937132
Sm_t00013190-RA	337.747903292474	-1.3544918232082	0.159660074959339	-4.81956320892479	1.43872865415406e-06	5.39418004071537e-06
Sm_t00009888-RA	1517.45969339182	-1.35409024646503	0.101383257026629	-7.58596901520953	3.30011287667856e-14	1.99467635340027e-13
Sm_t00010940-RA	297.055501064483	-1.35403729116947	0.157939289114072	-4.86919559713876	1.12053451690368e-06	4.24417098285162e-06
Sm_t00010230-RA	382.743756871718	-1.35393641953595	0.139158158794151	-5.52562944349814	3.28306413610271e-08	1.3951347545714e-07
Sm_t00000646-RA	398.146287249379	-1.35343421383111	0.122878259932055	-6.253622196929	4.0104050097636e-10	1.92467089174999e-09
Sm_t00019158-RA	116.616155300246	-1.35326512849705	0.233467683762163	-3.29067010952873	0.000999490500073455	0.00281431926136302
Sm_t00011577-RA	1314.99078514011	-1.35101477658387	0.103030821817576	-7.43481186571685	1.04716892170704e-13	6.17040675549907e-13
Sm_t00009938-RA	324.884769725316	-1.35005010681218	0.15315665961323	-4.99521280200404	5.87709254889566e-07	2.28526161716863e-06
Sm_t00014654-RA	321.823128916586	-1.34986571043768	0.1308847671168	-5.84380999627803	5.10202189818845e-09	2.28897066469225e-08
Sm_t00020826-RA	119.07562540772	-1.34926498054043	0.211407878809669	-3.6151206134966	0.000300207820030056	0.000900083129240583
Sm_t00017697-RA	466.52852247534	-1.34914407211739	0.189239789061933	-4.03796725786514	5.39163761935659e-05	0.000175486321733572
Sm_t00006947-RA	308.764948014982	-1.34902732619807	0.262498945382886	-2.9105919838407	0.00360744763696938	0.00950385303441973
Sm_t00007164-RA	376.692107874464	-1.34901360634008	0.15813224404824	-4.83148526057096	1.35518252884802e-06	5.09700396603077e-06
Sm_t00006511-RA	96.3078455775142	-1.3483590979184	0.229317340782376	-3.32883285369523	0.000872107258109614	0.00247572643244546
Sm_t00008331-RA	102.89925354517	-1.34747726886238	0.264860072250449	-2.87879279947258	0.00399200517373093	0.0104656629184781
Sm_t00018701-RA	2658.46605815305	-1.34630145266152	0.253277558660083	-3.005799079433	0.0026488396042006	0.00709509087100396
Sm_t00009018-RA	181.52747400956	-1.34527076123215	0.152567029730942	-4.98319173266281	6.25439208831721e-07	2.42743856959898e-06
Sm_t00000475-RA	2516.85612017542	-1.34506914718908	0.129681886461185	-5.86102784228521	4.60010831085846e-09	2.06874138823293e-08
Sm_t00010572-RA	158.998971155891	-1.3449709102659	0.191482136886852	-3.96888672030527	7.22091963735721e-05	0.00023180975008498
Sm_t00006245-RA	148.884156242875	-1.34428684809938	0.259704215925279	-2.92366007765479	0.00345942297512429	0.00912976361210716
Sm_t00010544-RA	969.806594170196	-1.3440973491818	0.2228000798634	-3.40707844291259	0.000656622528897005	0.00189042829007368
Sm_t00010547-RA	312.58359937327	-1.34349566000064	0.138967998310725	-5.45805990746651	4.8136525895547e-08	2.022341105594e-07
Sm_t00016525-RA	61.2389714788973	-1.34281338413826	0.281343985799051	-2.69354748062581	0.00706960752527942	0.0179153272621725
Sm_t00016548-RA	232.480513150003	-1.34243507660649	0.184022338256021	-4.11599528505455	3.85512185411657e-05	0.00012711524118344
Sm_t00001231-RA	140.612467189506	-1.34182268349901	0.210474735039972	-3.59578874564339	0.000323410179168924	0.000965997268172125
Sm_t00014536-RA	82.1854659473358	-1.3417609757648	0.245851728792039	-3.07811939937557	0.00208311433413432	0.00564236074439178
Sm_t00000746-RA	669.372774547356	-1.3417316514238	0.133393414194138	-5.67293112628831	1.40374677209929e-08	6.1085720296839e-08
Sm_t00003510-RA	172.258930467837	-1.34164505400668	0.161999273658841	-4.6706694228773	3.00219750478971e-06	1.08813329057413e-05
Sm_t00003797-RA	2332.38884041289	-1.34047509640922	0.230873961646843	-3.2722403644844	0.00106698822285393	0.00299173368394222
Sm_t00008040-RA	665.768854053984	-1.33980002739722	0.139203540297388	-5.42227608424824	5.88449027507901e-08	2.45489203611986e-07
Sm_t00002021-RA	720.837761643917	-1.33972470479261	0.1318820692053	-5.72272416819407	1.0482938799828e-08	4.61116436565976e-08
Sm_t00008996-RA	179.677687364701	-1.33969022294165	0.174724043701245	-4.3193266762534	1.56505968733442e-05	5.35114209187538e-05
Sm_t00008059-RA	444.574186791565	-1.338459412122	0.157879726037866	-4.77236331117836	1.82076676293218e-06	6.74907270514557e-06
Sm_t00002344-RA	147.749957222086	-1.33799617694091	0.206814431363369	-3.64092666056709	0.000271658518525929	0.000817576802457982
Sm_t00001561-RA	106.558598123537	-1.33779147129344	0.198850603714541	-3.78571378326871	0.000153268003714336	0.000473680594781708
Sm_t00005928-RA	2373.98812825439	-1.33777971312938	0.119910791838759	-6.27783122424566	3.43328302831716e-10	1.65772836770166e-09
Sm_t00000595-RA	160.012673177845	-1.33763938825432	0.220929109434771	-3.40670086517744	0.000657531480545116	0.00189271805822024
Sm_t00012703-RA	275.057079394002	-1.33667425694338	0.139583980900445	-5.38510402192561	7.24027633709342e-08	3.00469664233439e-07
Sm_t00003892-RA	519.084232109262	-1.33425470266916	0.142343344781302	-5.26371432271962	1.41173758944498e-07	5.7399865181778e-07
Sm_t00009697-RA	79.1994823256256	-1.33374158560812	0.252876168000665	-2.96090213454261	0.00306739390812593	0.00815588950064833
Sm_t00006001-RA	149.320738594666	-1.33369040548588	0.206557283712926	-3.62461391836664	0.000289393440746745	0.000868753998190535
Sm_t00010187-RA	506.864282985301	-1.33167126700373	0.105694333038116	-7.064439932976	1.61265081299847e-12	8.91883706604533e-12
Sm_t00015382-RA	96.5390355672407	-1.33020518832729	0.253405861762883	-2.94075749922706	0.00327410744454546	0.00867505675381553
Sm_t00004367-RA	477.955016657275	-1.32969982666977	0.133932848881247	-5.5602477875317	2.69391898340054e-08	1.15123915919667e-07
Sm_t00014856-RA	665.969254560551	-1.3296451298286	0.160415770915224	-4.64196958678162	3.45103666422581e-06	1.24566346159639e-05
Sm_t00007725-RA	422.014079212526	-1.32866786628388	0.155303288305785	-4.78848757419503	1.68042966520455e-06	6.25393149306913e-06
Sm_t00022497-RA	53.8730618097475	-1.32762093552525	0.28991298918172	-2.56153040131556	0.0104212120091414	0.0257638096836267
Sm_t00002172-RA	139.737500039536	-1.3275841670099	0.179140801888196	-4.14525423121283	3.39436895379356e-05	0.000112300691226004
Sm_t00016356-RA	153.251548631289	-1.32723129000961	0.18831007365408	-3.94153788805302	8.09608431282814e-05	0.000258311764955164
Sm_t00014025-RA	113.918289004231	-1.32701304381611	0.208876258430546	-3.55240489939565	0.000381726975354545	0.00113045474763662
Sm_t00007278-RA	2445.37651250103	-1.32685012095152	0.0918070501366788	-8.08053542562453	6.44830215388107e-16	4.24568447744469e-15
Sm_t00006512-RA	467.271392478901	-1.32584106710259	0.13701381833687	-5.40705365411473	6.40699549601606e-08	2.66752639271771e-07
Sm_t00013099-RA	221.668672875134	-1.3235694329075	0.173148107179482	-4.26553570199826	1.99423119534289e-05	6.75888163825472e-05
Sm_t00011266-RA	177.442352039384	-1.32273026593711	0.213055613464648	-3.46261829923351	0.000534946694062532	0.00155734743615758
Sm_t00013989-RA	269.249199892956	-1.32220264698794	0.154996577361521	-4.7562511349425	1.97221100472122e-06	7.28934788476727e-06
Sm_t00017647-RA	113.888432044926	-1.32189811183602	0.239886838587601	-3.07185719806352	0.00212731469680681	0.00575459698269045
Sm_t00014614-RA	274.727813461039	-1.32075363382553	0.189964952763401	-3.87310197550969	0.000107458837941936	0.000338127941525645
Sm_t00011013-RA	5171.16655475106	-1.31907651913317	0.139457584736016	-5.26379773837854	1.4110968796733e-07	5.7387821830073e-07
Sm_t00000840-RA	386.645527267354	-1.31819771604521	0.191682238814348	-3.82506861658342	0.000130735668802702	0.000407369018128583
Sm_t00003393-RA	453.769536918408	-1.31750248831025	0.102382131936827	-7.15459303740845	8.39215134832081e-13	4.71488894301275e-12
Sm_t00002963-RA	644.331683517432	-1.3170513909565	0.120725477892031	-6.0637688393431	1.32968227296957e-09	6.18192779880746e-09
Sm_t00011468-RA	165.379089863948	-1.31573424846479	0.236026302434691	-3.09598651051604	0.00196159285082997	0.00533461746694162
Sm_t00010575-RA	366.84000384427	-1.31563990224174	0.165539133776189	-4.4136989579127	1.01619241387198e-05	3.5406260678267e-05
Sm_t00007010-RA	590.409913602695	-1.31536048119623	0.14806539872065	-4.93268844380161	8.11054684139338e-07	3.11733939279951e-06
Sm_t00001648-RA	1013.96774499555	-1.31523720354513	0.157138450989244	-4.6470943231782	3.36643260346381e-06	1.21644326048807e-05
Sm_t00014934-RA	210.679152906605	-1.31391557178863	0.161080171910271	-4.52517254696419	6.03462504701079e-06	2.14064701944433e-05
Sm_t00014638-RA	148.443992760868	-1.31358033346286	0.193002094901382	-3.77498665926474	0.000160016226914702	0.000493255053283699
Sm_t00010837-RA	261.101310350501	-1.31318451131987	0.176562188646273	-4.12423813333399	3.7196390888191e-05	0.000122793792987611
Sm_t00007034-RA	432.506453741561	-1.31119194837243	0.187587464352761	-3.8712178922938	0.000108292936310388	0.000340623816665114
Sm_t00002372-RA	359.666002825021	-1.31106085013058	0.146418704420374	-4.95879848824522	7.09304934019072e-07	2.74207509651652e-06
Sm_t00007690-RA	322.313999082311	-1.31092961171111	0.115435946149202	-6.28859238328454	3.2035740458419e-10	1.5508612745026e-09
Sm_t00018499-RA	118.9715741668	-1.31068396568146	0.196602908913101	-3.69111509943231	0.000223273068186547	0.000678453624562476
Sm_t00006900-RA	397.985273926414	-1.30984248280044	0.225630594926648	-3.21251859942168	0.00131576628620843	0.00365118020917209
Sm_t00002356-RA	1980.27931562932	-1.3091607107171	0.1439917943638	-5.02918040515203	4.92580778379058e-07	1.92977671830629e-06
Sm_t00001893-RA	236.526003820529	-1.30773435445584	0.193245521071317	-3.73997984765253	0.000184035009068611	0.000563954227568969
Sm_t00000684-RA	862.400916709808	-1.30726637630729	0.115106947381729	-6.27474181825045	3.50214936211807e-10	1.68853267942584e-09
Sm_t00012813-RA	615.031269995288	-1.30697296005333	0.10772807700357	-6.70180866617905	2.05855469921197e-11	1.06264035263319e-10
Sm_t00009102-RA	1353.06254973158	-1.30635664688123	0.112987778292133	-6.38437765380373	1.7209590695299e-10	8.45406552056297e-10
Sm_t00009937-RA	326.045098245516	-1.30472963494331	0.1640337096114	-4.38769346037694	1.14559080762197e-05	3.97071403940215e-05
Sm_t00000127-RA	179.615959087155	-1.30445207221925	0.195572670752834	-3.67869431577428	0.000234431044427225	0.000710285983642909
Sm_t00013389-RA	257.36261384865	-1.30423065201705	0.175444102832336	-4.09948604943641	4.14068627169617e-05	0.00013601962515069
Sm_t00005121-RA	721.780550425126	-1.30264899122122	0.116840604518031	-6.14211980656488	8.14274020390472e-10	3.83602280307254e-09
Sm_t00003702-RA	496.484114882417	-1.30167865240004	0.108950486336159	-6.57802159954365	4.76748986843643e-11	2.41829617017095e-10
Sm_t00000607-RA	134.421947111736	-1.30162857238266	0.203733950078517	-3.51747252780638	0.000435677446107136	0.00128247303361948
Sm_t00005574-RA	110.738447927583	-1.30154055220365	0.252194066292826	-2.84122684857962	0.00449403322885739	0.0117032699276656
Sm_t00008288-RA	365.669837053046	-1.30130003743207	0.124768082882474	-5.74105188509464	9.4090254430148e-09	4.1519349888673e-08
Sm_t00000196-RA	416.368902071739	-1.3012163766019	0.114036742800895	-6.28057553215453	3.37321948728914e-10	1.63014476992348e-09
Sm_t00002181-RA	233.251181380758	-1.29937780153431	0.15746148020886	-4.53684164906071	5.71029493869358e-06	2.02905488670558e-05
Sm_t00013292-RA	64.3644316042028	-1.29866955273999	0.287311027036595	-2.48396158024625	0.012992982521772	0.0316752675029529
Sm_t00007572-RA	774.233772513173	-1.29815754285855	0.15178821016936	-4.69837243658671	2.62242899516817e-06	9.57152107833289e-06
Sm_t00010168-RA	565.478563171241	-1.2981073108578	0.225096833575717	-3.16800240825215	0.00153490249026714	0.00422736731739689
Sm_t00008797-RA	353.013781599049	-1.29810725066063	0.207888283979355	-3.43024261401596	0.000603041788682187	0.00174400522844928
Sm_t00009459-RA	115.25705517475	-1.29702727136809	0.210544623777565	-3.38183544463394	0.00072003262689752	0.00206300369777415
Sm_t00001227-RA	1247.12198572189	-1.29611288716865	0.127446901954638	-5.57967966472618	2.40961937618741e-08	1.0334562195811e-07
Sm_t00002093-RA	1806.03035617611	-1.29534344797344	0.206494975464037	-3.44000354670688	0.000581706563525341	0.00168493617374459
Sm_t00005421-RA	55.2602154837524	-1.29426585374486	0.250112195518366	-2.83579076292093	0.0045712383467963	0.0118887881937444
Sm_t00002815-RA	303.742474086846	-1.29414758497201	0.291333649412747	-2.43414238760772	0.0149271218255812	0.0361103681920609
Sm_t00008909-RA	264.213202794458	-1.29404002615463	0.149403145634539	-4.74581725266378	2.07666142621538e-06	7.65332434466722e-06
Sm_t00008984-RA	86.3925978725564	-1.29400197135888	0.279070090249995	-2.54058745859776	0.0110666411787887	0.0272623645010739
Sm_t00000709-RA	238.906582431692	-1.29371924893275	0.180128104017998	-3.93452899977193	8.33600039472083e-05	0.000265407290854854
Sm_t00000663-RA	178.5407184821	-1.29293659075079	0.193133118945525	-3.66553698617827	0.000246820134913283	0.000745788102192176
Sm_t00010528-RA	332.401511674707	-1.29266335255996	0.124749153600867	-5.67269061258819	1.40571970192743e-08	6.11555988370516e-08
Sm_t00007311-RA	285.059805448807	-1.29165900313849	0.160816866055643	-4.39418464288429	1.11189282250022e-05	3.85792764782518e-05
Sm_t00007245-RA	637.410914128058	-1.29098785368094	0.101435682379122	-6.95995567952373	3.40379804463856e-12	1.84631936918232e-11
Sm_t00010892-RA	1334.46982899381	-1.29091893351503	0.186377435393828	-3.78757724626575	0.000152123397898531	0.000470667080645194
Sm_t00000342-RA	766.387767019693	-1.2898637796756	0.161494594608381	-4.36462769162562	1.27339449400774e-05	4.39449046637267e-05
Sm_t00007541-RA	1753.72253096789	-1.28955588288711	0.0801971528930529	-8.78529794974979	1.55950622549158e-18	1.14998914140057e-17
Sm_t00001073-RA	379.010719686042	-1.28952752875957	0.131836460299208	-5.34395058211224	9.09423713521469e-08	3.75154538015109e-07
Sm_t00013917-RA	572.663856735422	-1.28926263858586	0.113075274777607	-6.22826378243151	4.71632510370572e-10	2.25306979000659e-09
Sm_t00005545-RA	291.030152129236	-1.28908847614511	0.155224612847667	-4.53593320819607	5.73493291347028e-06	2.03737497275726e-05
Sm_t00006156-RA	7675.35042785715	-1.28789962827285	0.248254654060524	-2.83136536123705	0.00463497427308612	0.0120413913663551
Sm_t00014149-RA	249.786170758986	-1.28726943275551	0.145467693175479	-4.82766597465977	1.38142544054069e-06	5.18984776466551e-06
Sm_t00005323-RA	462.415161403262	-1.28654223195044	0.131321419292775	-5.3421767425951	9.18370457599959e-08	3.78481323174174e-07
Sm_t00000932-RA	642.321114210696	-1.28550758090092	0.123174750272519	-5.68710372337737	1.29211983813182e-08	5.634589597801e-08
Sm_t00010224-RA	735.618893522074	-1.28539417139812	0.180455570981965	-3.88125546685462	0.000103918608287987	0.000327359337530502
Sm_t00011393-RA	175.618130395078	-1.28495123089253	0.169546693796557	-4.12836850556591	3.65346271594505e-05	0.000120680908035321
Sm_t00017249-RA	208.103663424421	-1.28418351447562	0.251972347034955	-2.77484225036261	0.00552284892709893	0.0141887133602119
Sm_t00004823-RA	58.8925096439231	-1.28354141934308	0.29170643619884	-2.39467263199816	0.0166352104216609	0.0399292990207532
Sm_t00002249-RA	245.401450215367	-1.28336497989839	0.179536826986514	-3.88981465039956	0.000100320815952276	0.000316564529670963
Sm_t00014421-RA	3384.83403938997	-1.28297742567072	0.0867298393750416	-8.04771957033711	8.43509504288064e-16	5.53196115056322e-15
Sm_t00011368-RA	125.03907388962	-1.28259846153977	0.27043022889035	-2.57958758679535	0.00989183702646498	0.024538826684565
Sm_t00014402-RA	252.431712114771	-1.28234384520081	0.191239534423887	-3.6464418683175	0.000265896595382993	0.000800814587938872
Sm_t00004103-RA	111.496816892989	-1.28147437378709	0.224942104152576	-3.09623836947253	0.00195992735681709	0.00533123283962429
Sm_t00008039-RA	351.487803190558	-1.28086788596808	0.240594220616927	-2.89228845224856	0.00382446640341915	0.010051745242688
Sm_t00010806-RA	585.03157132067	-1.28077536552332	0.255655789786515	-2.72153181472761	0.00649801299991184	0.0165459951929886
Sm_t00011746-RA	3413.682786778	-1.28020017336289	0.254111851637192	-2.73580381585452	0.00622281130595134	0.0158816593740673
Sm_t00005480-RA	1894.75929739078	-1.27877059601545	0.142266113528781	-4.87656954145371	1.07946643525901e-06	4.09521556764872e-06
Sm_t00002136-RA	7247.16324122711	-1.27782603100814	0.105647590873816	-6.55789711130894	5.45718383504618e-11	2.75722682208672e-10
Sm_t00003094-RA	1070.7397523985	-1.27770174538648	0.112367309934544	-6.16461981505113	7.06526834102816e-10	3.33692203075835e-09
Sm_t00005512-RA	230.560295274958	-1.2763920728269	0.151261028516787	-4.57085397082413	4.85740690771953e-06	1.7356217131873e-05
Sm_t00000632-RA	305.086913676032	-1.27571259654006	0.17507268012943	-3.94529058462704	7.9703263161858e-05	0.000254494337310759
Sm_t00000738-RA	173.678509446853	-1.27515215679056	0.168866608533947	-4.08696640965473	4.37050367869295e-05	0.000143286459908812
Sm_t00013185-RA	81.1286700012535	-1.27417087592956	0.222676210298572	-3.09494613279747	0.0019684864427805	0.00535014638013341
Sm_t00009412-RA	192.284368478585	-1.273744127289	0.144670339893376	-4.76078322478969	1.92843096406276e-06	7.13228308156248e-06
Sm_t00003965-RA	201.77689447133	-1.27308408268851	0.164523300863479	-4.18228955459309	2.88588101456738e-05	9.60183582988701e-05
Sm_t00005608-RA	94.9306049093285	-1.27290782469571	0.223513018639505	-3.07770808556439	0.00208599145086657	0.00564831690320796
Sm_t00002864-RA	260.527814239148	-1.2721331200563	0.163737471923558	-4.19655386139769	2.71007034181857e-05	9.05240660798351e-05
Sm_t00004697-RA	59.567631650754	-1.27158509141615	0.274973226279128	-2.49691615691773	0.012527857347886	0.0306265112563965
Sm_t00016668-RA	155.293763398096	-1.27085119775534	0.212589546666942	-3.22617555053094	0.00125456381712665	0.00348890218125138
Sm_t00001205-RA	218.91451184888	-1.27022985797395	0.16618346237137	-4.123333622949	3.7342821733862e-05	0.000123203946215622
Sm_t00014931-RA	193.760805340373	-1.26833963679984	0.149553701110798	-4.56919241532903	4.89607132430421e-06	1.74831202830138e-05
Sm_t00012462-RA	367.868426275376	-1.26825773306389	0.167998089917166	-4.06705655642148	4.76106912408495e-05	0.000155692755141357
Sm_t00012347-RA	298.84555990441	-1.26773995295023	0.160863605370623	-4.24421640542761	2.19358586295265e-05	7.40140840694049e-05
Sm_t00014724-RA	176.505146420887	-1.26651094065952	0.217022041186291	-3.14028444730421	0.00168783865216346	0.00462510548901775
Sm_t00007819-RA	660.809886298274	-1.26540701894807	0.1431657531827	-4.75258226092506	2.00835016542147e-06	7.41305053303585e-06
Sm_t00007810-RA	378.901465812357	-1.26517593243872	0.14256581512619	-4.77096091960525	1.833491149611e-06	6.79019465767451e-06
Sm_t00012037-RA	140.514648154288	-1.26382843002861	0.216488403219927	-3.1356341491373	0.00171482980011372	0.00469597810460206
Sm_t00005166-RA	437.027717292572	-1.26362679210796	0.163040024276158	-4.16233250161015	3.15013199753552e-05	0.000104507561500142
Sm_t00004576-RA	374.929217445427	-1.26336842583987	0.10933849714284	-6.20429623203662	5.49422095129589e-10	2.61344182200705e-09
Sm_t00005531-RA	145.361823894939	-1.26332172183996	0.191521421796706	-3.54175379169844	0.000397476286469823	0.00117479772533966
Sm_t00001506-RA	222.206323082886	-1.26247754372025	0.141341957575555	-4.79318070402484	1.64157635888174e-06	6.11479852107603e-06
Sm_t00007991-RA	531.451846167658	-1.26175655571989	0.180724103714465	-3.74469449182679	0.000180613417986486	0.000553774768418716
Sm_t00014717-RA	71.1535656758237	-1.2614760101211	0.289506477543777	-2.3366524157264	0.0194572646438617	0.0462498736354807
Sm_t00005833-RA	2360.18375612405	-1.2612620221991	0.195354303932189	-3.46172062036493	0.000536734005908478	0.00156200472928432
Sm_t00015534-RA	89.1150438376253	-1.26116248617284	0.204701008693877	-3.30317124711395	0.000955979888182415	0.00270185154009886
Sm_t00003284-RA	213.561019526176	-1.26087295062644	0.197536534164853	-3.42150860084642	0.000622747552568004	0.00179849665927147
Sm_t00003776-RA	125.811584070825	-1.26081662210888	0.188273451458837	-3.58954816450386	0.000331251625069962	0.000988709831645839
Sm_t00010550-RA	605.175327460464	-1.26056736278261	0.155089756616615	-4.3559766777675	1.32474882276203e-05	4.5641501322792e-05
Sm_t00003021-RA	233.26432175349	-1.26047398026221	0.204369855699544	-3.30515465673797	0.000949240045784544	0.00268371362570925
Sm_t00009145-RA	395.884746518048	-1.25984640127484	0.123403232342326	-5.46862823984047	4.53531870332346e-08	1.91070659989788e-07
Sm_t00004272-RA	51.7701937204256	-1.25975869592944	0.28687078913822	-2.35213455492091	0.0186660213700015	0.0444833453478519
Sm_t00006015-RA	235.88287655188	-1.2591766977828	0.165486143043812	-4.07391631336961	4.62290991073558e-05	0.000151353052855804
Sm_t00003257-RA	727.887016553938	-1.25627312093021	0.105251666716887	-6.37779088796615	1.79660590435818e-10	8.81267996313269e-10
Sm_t00006360-RA	208.342844122606	-1.2547745976997	0.167436184397577	-4.00017833725424	6.3294766857892e-05	0.000204532342641856
Sm_t00005971-RA	156.586872892344	-1.25473490983732	0.173109365348891	-3.86885428461662	0.000109347963612631	0.000343812453352058
Sm_t00000560-RA	126.051335388868	-1.25419925095859	0.237815462099407	-2.81394340406202	0.00489378434358173	0.0126686497676213
Sm_t00003944-RA	116.777714230296	-1.25334698670025	0.289019042273334	-2.31246696218782	0.0207519639242582	0.0490195994115561
Sm_t00009085-RA	333.397231440497	-1.25331663194419	0.174887948040756	-3.82139901251767	0.000132696751933868	0.000413170559572781
Sm_t00005286-RA	1371.38196159912	-1.25306522023208	0.161083520997633	-4.14732193643751	3.36386903671296e-05	0.000111335844255046
Sm_t00000420-RA	429.700114598073	-1.25231485323985	0.134569025305557	-4.95890381701601	7.08920526419089e-07	2.74122519245339e-06
Sm_t00011909-RA	147.179001159134	-1.25219809644074	0.187679970330359	-3.55497763169039	0.000378011246646342	0.00112024752653171
Sm_t00002725-RA	1964.31514014565	-1.25169017645644	0.138221715519221	-4.82333889397957	1.41174802590146e-06	5.29659878726725e-06
Sm_t00006500-RA	1597.80232655483	-1.25138146891645	0.159445124533312	-4.179378145722	2.92307292229231e-05	9.71519328402741e-05
Sm_t00006703-RA	854.701391446022	-1.25080249743246	0.124780671233921	-5.33578230384984	9.51334872703645e-08	3.91485580768214e-07
Sm_t00005969-RA	292.132098974727	-1.25043184016649	0.165640040753054	-4.01733685370526	5.8859558065304e-05	0.000190718249027783
Sm_t00006725-RA	187.731453135887	-1.24855613362326	0.194004406544493	-3.42031475182537	0.000625487198724851	0.00180515692244604
Sm_t00004545-RA	105.583543963751	-1.2483621994697	0.265869829896613	-2.4950638428123	0.0125934469618382	0.0307778226951733
Sm_t00011388-RA	124.334918605813	-1.24826347919997	0.211119613162461	-3.14164785196709	0.00167999961954371	0.00460741416897583
Sm_t00016571-RA	106.265254174237	-1.24764751169119	0.23112415138086	-2.86706303833754	0.00414300480502685	0.0108393551189158
Sm_t00011119-RA	318.94596759589	-1.24699404613662	0.16362039137175	-4.04591408556498	5.21193469087603e-05	0.000169850813906104
Sm_t00020382-RA	617.735114504041	-1.24688545362692	0.114898260191693	-5.76062207141039	8.38044948883426e-09	3.70984660071754e-08
Sm_t00014962-RA	135.104778866737	-1.24490367228402	0.194567122944013	-3.39165046128534	0.000694730067277334	0.00199428114091088
Sm_t00001385-RA	1006.75956478441	-1.24221031542547	0.105511324833461	-6.22881303464639	4.69982251658397e-10	2.24583027771818e-09
Sm_t00019823-RA	66.0708962492755	-1.24201939903933	0.283461830435265	-2.31784081133764	0.020457974189131	0.048407519040134
Sm_t00005886-RA	725.605578055046	-1.24143339565272	0.111394518069931	-5.89286983799892	3.79545372890391e-09	1.71365712039867e-08
Sm_t00014921-RA	657.943099547563	-1.2412458796438	0.152802860344854	-4.29472248204485	1.74911996631838e-05	5.95845406931116e-05
Sm_t00009020-RA	268.236892222919	-1.24093397335065	0.167357863143028	-3.91934959632029	8.87882480784277e-05	0.000281828246282479
Sm_t00015490-RA	394.373363059114	-1.24014789931484	0.108703730050619	-6.02691277484007	1.67121135821333e-09	7.70737508447332e-09
Sm_t00009534-RA	201.845565538009	-1.23985521951429	0.174430421242263	-3.75424891398258	0.000173862026227017	0.000534254497858265
Sm_t00007425-RA	714.134961957544	-1.23891860406018	0.13538732250077	-4.82998401904624	1.36544009066236e-06	5.13094992787132e-06
Sm_t00019934-RA	233.647606172432	-1.23872623863673	0.170009876296253	-3.84522507091045	0.000120441836953247	0.000376844500369494
Sm_t00009026-RA	7848.20285588745	-1.23569894521378	0.100499223872514	-6.47466637194339	9.50216603458756e-11	4.74766292154048e-10
Sm_t00006944-RA	1016.53283523797	-1.23524666496636	0.0974236642230676	-6.6744221760897	2.48208148373173e-11	1.27494644946047e-10
Sm_t00010646-RA	100.826435231981	-1.2351872111267	0.209302833656684	-3.106442467918	0.00189353150592832	0.00516412046918041
Sm_t00008481-RA	105.195785667892	-1.23487025089694	0.213459943003896	-3.04445996636042	0.00233098451473247	0.00627294669570492
Sm_t00006288-RA	52.8301317011425	-1.23432229850985	0.267662659794254	-2.42589795307636	0.0152705634569744	0.0368662385603303
Sm_t00004401-RA	379.329848878698	-1.23406305074402	0.151491136167892	-4.28449523294017	1.83154535549264e-05	6.2214279224707e-05
Sm_t00007040-RA	156.859492346204	-1.23215614486018	0.172051060709953	-3.76141909378382	0.000168952072268524	0.000519646163192222
Sm_t00008479-RA	63.0817501849175	-1.23209952003475	0.254504312614162	-2.54258764178892	0.0110035002008932	0.0271188498811185
Sm_t00018648-RA	397.023013023271	-1.23177365341588	0.243750233527789	-2.65342783083792	0.00796788073007405	0.0200557505593191
Sm_t00011018-RA	278.081864530703	-1.2317092159717	0.170761633453708	-3.78720443750624	0.000152351744552873	0.000471111074951135
Sm_t00014698-RA	100.9587828675	-1.22968012259739	0.239294902422194	-2.69408213911704	0.00705827680307298	0.0178905622315261
Sm_t00003876-RA	336.321317829089	-1.22963676225983	0.121090530639154	-5.3235935036145	1.01737119183957e-07	4.17628617882297e-07
Sm_t00007986-RA	454.352282936779	-1.22941169563499	0.128937194519662	-4.9978727863256	5.79662035999061e-07	2.25555015082279e-06
Sm_t00018432-RA	136.179098338092	-1.22841292702421	0.204494262624883	-3.14636175492346	0.00165315393003235	0.00453752482558557
Sm_t00009033-RA	94.2699018364702	-1.22743317732151	0.268286574746753	-2.39457817793505	0.0166394957914453	0.0399338309888914
Sm_t00010784-RA	520.298594909976	-1.2267840578758	0.142080864857763	-4.51703372243892	6.27119213679478e-06	2.22219780078127e-05
Sm_t00010788-RA	1206.02579002542	-1.22581619339724	0.135966585500327	-4.71304174506686	2.44046176539329e-06	8.92692404214347e-06
Sm_t00004083-RA	452.482296151801	-1.22566884156142	0.11604898527548	-5.52067594594289	3.37698059161616e-08	1.43394704805358e-07
Sm_t00006993-RA	149.468729937314	-1.22475067912466	0.223191764926656	-2.86637223974145	0.00415205713421871	0.0108596275305096
Sm_t00012547-RA	347.89005159306	-1.22388400673505	0.136792928458924	-4.67044615487486	3.00546257672419e-06	1.08907973902701e-05
Sm_t00002412-RA	501.470227430485	-1.22361488946701	0.188019645686508	-3.39653277791937	0.000682453832752638	0.0019614071680458
Sm_t00002709-RA	2642.85540654019	-1.22274248991422	0.19618574016394	-3.25070766805628	0.00115118159994044	0.00321212447098959
Sm_t00011354-RA	883.957063438438	-1.22270876701879	0.14609643042746	-4.36498527139186	1.27131324212662e-05	4.38821715444368e-05
Sm_t00011206-RA	1549.442930882	-1.22226141899969	0.186594886667118	-3.41521373056998	0.000637319818061211	0.00183771395694368
Sm_t00004289-RA	118.952494395871	-1.22197998019522	0.19530285880301	-3.26149849571684	0.00110825020582919	0.00309804194138322
Sm_t00009455-RA	284.750588583424	-1.22150093802451	0.166009701758269	-3.83411891764817	0.000126015170445629	0.000393395935023103
Sm_t00011128-RA	138.966276901064	-1.2204215030468	0.184676723563134	-3.44072328546361	0.000580161527894415	0.00168104552646811
Sm_t00000118-RA	204.97260598717	-1.21882386886604	0.152561984336775	-4.1545334614087	3.25951917196123e-05	0.000108047793004476
Sm_t00020846-RA	130.132829209253	-1.21876558427714	0.218838653010783	-2.89604041862709	0.00377903723234733	0.00993704849509736
Sm_t00002789-RA	93.8756129053078	-1.21736886660756	0.235574192519116	-2.68437242571146	0.00726661099558174	0.0183719180934696
Sm_t00000378-RA	629.591686750791	-1.21689768803415	0.159461805563714	-3.96268991060479	7.41100130130826e-05	0.000237454240579329
Sm_t00011148-RA	1159.25356797327	-1.21606865697944	0.172496678376145	-3.65843947211166	0.000253755652399358	0.000765633337741082
Sm_t00011622-RA	67.9384759619953	-1.21482705229281	0.264332882153644	-2.38270413866529	0.0171860003896427	0.0411564684431668
Sm_t00014949-RA	902.796648595953	-1.21354033190218	0.205571054924088	-3.05753323168129	0.00223166895045161	0.00602514446946886
Sm_t00002290-RA	2423.67560386898	-1.21268723704244	0.133764788070217	-4.69246986518561	2.69926304915384e-06	9.83471650761257e-06
Sm_t00002419-RA	125.599789376397	-1.21235851271064	0.201312504096913	-3.11634150856632	0.00183110080446097	0.00500286652463684
Sm_t00016670-RA	3543.2716794368	-1.21166195131681	0.174759881506927	-3.5858455951858	0.000335987721439119	0.00100194834653291
Sm_t00010750-RA	88.324645838799	-1.21159877039046	0.216946093219753	-2.8882694363883	0.00387367900642343	0.010173063990068
Sm_t00007391-RA	1381.51300778193	-1.21157802136466	0.123894715237974	-5.0573426006198	4.25139065714625e-07	1.67303722104281e-06
Sm_t00002585-RA	253.579800161638	-1.21142418861951	0.144686795108502	-4.32951872456464	1.49435564717257e-05	5.12095790384708e-05
Sm_t00011473-RA	1138.55443053183	-1.21130010411927	0.120533314773233	-5.1960746727788	2.03540526723596e-07	8.18584764404071e-07
Sm_t00015401-RA	319.780308855117	-1.21095870879672	0.14241978097022	-4.3951669110319	1.10687670458387e-05	3.84372569209048e-05
Sm_t00002842-RA	1271.51677693955	-1.21062072391892	0.110065943000355	-5.68405363970666	1.31538991045265e-08	5.73156294227574e-08
Sm_t00004986-RA	117.348873756261	-1.20881324540644	0.216993856803267	-2.87479680114636	0.00404287592095596	0.0105890294168686
Sm_t00001904-RA	126.234548815172	-1.20687492077598	0.194221949124552	-3.20187766407995	0.00136534969098332	0.00378306778391257
Sm_t00009514-RA	554.657047805094	-1.20620979391754	0.171559416563117	-3.62096005198874	0.000293511836839042	0.000880641242446823
Sm_t00002775-RA	139.458374854835	-1.20593866334896	0.243229623385971	-2.55289078157892	0.0106832990641484	0.0263843433373736
Sm_t00009346-RA	1256.16543703033	-1.20561291958042	0.0951804908183899	-6.52037948369677	7.01297354544274e-11	3.52830302989988e-10
Sm_t00003679-RA	85.0977438282027	-1.20420986897564	0.26671920150466	-2.32157964436925	0.0202555810080387	0.0479558653257404
Sm_t00002646-RA	233.689045947859	-1.20284715112273	0.150980337762047	-4.09223585190603	4.27233785540693e-05	0.000140206075640994
Sm_t00003349-RA	357.275877757796	-1.20225425553546	0.187559284133095	-3.29098214672992	0.00099838249319118	0.00281167465284508
Sm_t00009735-RA	363.183434138868	-1.20215172850139	0.144569289696767	-4.26889922331268	1.96439989399318e-05	6.6591317529789e-05
Sm_t00017253-RA	443.533306768847	-1.201664822052	0.229026652474598	-2.69254610932409	0.00709087298250851	0.0179595198635589
Sm_t00005011-RA	898.861131717614	-1.20160697146588	0.0961237539217666	-6.41472004898733	1.41081873713656e-10	6.98200193797408e-10
Sm_t00003397-RA	59.8236725435752	-1.20135368831403	0.25388813747255	-2.4276584737271	0.0151966460831957	0.0366984242467199
Sm_t00005412-RA	841.95418356612	-1.20070866055007	0.107299320656271	-5.73823447142289	9.56686080372570e-09	4.22046523486395e-08
Sm_t00007993-RA	870.591237946498	-1.19922639803597	0.131241049745854	-4.68013932550378	2.86680029659714e-06	1.04177921772939e-05
Sm_t00010450-RA	142.049835356393	-1.19616231127929	0.201884261812471	-3.02729051681598	0.0024675667951254	0.00662658837227131
Sm_t00000409-RA	477.177104064082	-1.19594563292894	0.146097118206925	-4.18177743974135	2.89239027501666e-05	9.62089400982979e-05
Sm_t00014354-RA	174.476885775089	-1.19556317843557	0.222112640815527	-2.7488898254227	0.00597974820233729	0.0152894313974727
Sm_t00004586-RA	87.3123016367193	-1.19528411077825	0.255026165013473	-2.39302547935036	0.0167100806210713	0.0400859048078638
Sm_t00000451-RA	550.886036576571	-1.19512408314445	0.147058425525549	-4.14885499395239	3.34142374522527e-05	0.000110658919976069
Sm_t00003479-RA	793.652796765153	-1.19500229877393	0.176221893836629	-3.46155795680786	0.000537058469930166	0.00156267598115226
Sm_t00005851-RA	487.694822265259	-1.19494290747438	0.130712448501089	-4.66629547888315	3.06678602584778e-06	1.1108180391079e-05
Sm_t00009666-RA	96.2482753656021	-1.19258242359972	0.241339975867453	-2.51753743413571	0.0118178410678001	0.0289886020479185
Sm_t00009744-RA	153.334446013751	-1.19229816286047	0.223215264013201	-2.72068384545848	0.00651470349370887	0.0165834246329771
Sm_t00007383-RA	576.96732864131	-1.19208947921681	0.194034241366597	-3.12877497776183	0.00175536679974837	0.00480382785447811
Sm_t00004751-RA	1343.1841757816	-1.19085596124156	0.159895311253796	-3.7890789698011	0.000151206845713725	0.000468179114479409
Sm_t00005361-RA	503.371413613565	-1.19015213551823	0.248857671327613	-2.43171983523695	0.0150273260067282	0.0363194073792329
Sm_t00005438-RA	253.173350694291	-1.18885259643177	0.163905389875828	-3.68415338195554	0.000229464042212291	0.00069637675627115
Sm_t00006484-RA	367.665631951529	-1.18845981163201	0.136078841938043	-4.43463365088573	9.22289892748865e-06	3.22356379215497e-05
Sm_t00013976-RA	859.924198291968	-1.18839778962778	0.123505630717349	-4.88558931380787	1.03119946489922e-06	3.92185403796604e-06
Sm_t00007497-RA	931.811223862049	-1.18805833324493	0.12213852231834	-4.93749491804986	7.91324679643835e-07	3.04572239221511e-06
Sm_t00015705-RA	2173.69139626602	-1.1871374402558	0.164286069313096	-3.66517649836913	0.00024716806519131	0.000746703959005593
Sm_t00005084-RA	82.3972979919418	-1.18518206869122	0.219448779162531	-2.73495287137917	0.00623892079341131	0.0159203343407852
Sm_t00007946-RA	114.676793243769	-1.1848832279856	0.257544384634733	-2.32924211815526	0.0198462428094826	0.0470804204956368
Sm_t00008925-RA	337.786039565696	-1.18364845188257	0.11549594700272	-5.18328536557624	2.18011083713779e-07	8.74459097641255e-07
Sm_t00016977-RA	3451.74877248415	-1.18299583516219	0.119648850210827	-4.99792379206732	5.79508771717378e-07	2.25548063534301e-06
Sm_t00005423-RA	117.38383921352	-1.18272606876894	0.220916666875444	-2.70566307749855	0.00681681687618595	0.0173048667362855
Sm_t00013200-RA	187.32290114724	-1.18268796322323	0.16771116410069	-3.56379354009131	0.000365533501083796	0.00108539341551762
Sm_t00006569-RA	138.56581297052	-1.18131141612704	0.249655219330064	-2.38853975385418	0.0169154781697813	0.0405494366602701
Sm_t00009768-RA	143.685874693327	-1.17955868105892	0.208676902951053	-2.84918298408127	0.00438316631318656	0.0114299913032344
Sm_t00007031-RA	521.285737634163	-1.17929491806769	0.154088955300332	-3.85683008174962	0.000114866951274827	0.000360213417608448
Sm_t00009363-RA	760.733684249509	-1.17916923768634	0.105033341559775	-5.65695834163476	1.54079142098777e-08	6.68572635863878e-08
Sm_t00009169-RA	130.66709153867	-1.17895457411689	0.203236971492268	-2.92247306066303	0.00347263660305208	0.00916318399075583
Sm_t00008923-RA	752.650791000319	-1.17876977031952	0.152936630050322	-3.88245621813519	0.000103406638770256	0.000325869804887425
Sm_t00007520-RA	68.07807728224	-1.17863610492602	0.232315901562482	-2.55529690793191	0.0106097255052727	0.0262104119037272
Sm_t00003245-RA	495.480208543224	-1.17780632078917	0.185914472214381	-3.18859695928132	0.00142965055587212	0.00394878444034453
Sm_t00009477-RA	1409.05865762018	-1.17759461878024	0.140469140918588	-4.21868187493001	2.45734704508683e-05	8.25458501251391e-05
Sm_t00017904-RA	586.791854669277	-1.17741266748431	0.112492811498751	-5.26622687789157	1.39256169777686e-07	5.66616823682633e-07
Sm_t00000484-RA	8850.77736435262	-1.17707893402468	0.103528103200418	-5.71901653484834	1.07142369632047e-08	4.7031382862877e-08
Sm_t00018395-RA	119.22501471382	-1.17643709550306	0.21296643635762	-2.77713758852547	0.00548399591666824	0.0141019456591324
Sm_t00011445-RA	346.439764575976	-1.17569778898804	0.151706758984348	-3.89368142159695	9.87342987195602e-05	0.00031191275328474
Sm_t00004340-RA	392.592786859917	-1.17466011129257	0.134574325052711	-4.38166872515699	1.17773786970697e-05	4.07704851071876e-05
Sm_t00009573-RA	1856.75866585757	-1.17388135832858	0.187871214687321	-3.13449486824617	0.00172150264930007	0.00471347651742942
Sm_t00006932-RA	521.954034066631	-1.17383440004075	0.128868074850301	-4.56928064398236	4.89401085354887e-06	1.74795096051495e-05
Sm_t00004895-RA	94.6065789741508	-1.17287118750138	0.192825633091332	-3.04871908405939	0.00229819271931801	0.00619671322732266
Sm_t00003574-RA	97.4221483876638	-1.17219884488012	0.23590329542286	-2.48915066585889	0.0128048688224067	0.0312578406863497
Sm_t00011717-RA	161.131138090607	-1.17056812763153	0.192205417058966	-3.04657452735523	0.00231465090321318	0.00623604314179608
Sm_t00007347-RA	404.434675751354	-1.17015614586649	0.171709450162529	-3.40782726467656	0.000654823328378748	0.00188557424444826
Sm_t00011644-RA	724.672590606414	-1.16942731553732	0.120383297781944	-4.85472093143616	1.20556396744394e-06	4.55380602487099e-06
Sm_t00013906-RA	178.779420262986	-1.16888595526443	0.179116878461751	-3.25980421431424	0.00111489145549571	0.00311503889058161
Sm_t00007047-RA	78.4547931396724	-1.16764237480713	0.235762829354416	-2.47130718783178	0.0134620124236527	0.0327086060316812
Sm_t00006919-RA	1282.00703689731	-1.16722103718582	0.15486010610105	-3.75965800259692	0.000170145791870131	0.000523221081959135
Sm_t00004323-RA	75.383989225322	-1.16632322197238	0.248633209898788	-2.33807552180589	0.0193833307768621	0.0460807084459782
Sm_t00001472-RA	582.24331288971	-1.16603064763287	0.129146686644749	-4.4989977112703	6.82745925642645e-06	2.40906198461241e-05
Sm_t00003106-RA	644.413713104162	-1.16548075906768	0.151722655879481	-3.82593328400986	0.000130277571988901	0.000406017548024531
Sm_t00007685-RA	81.5306015304249	-1.16501950278583	0.220610161160851	-2.6291604146145	0.00855959732708735	0.0214479200172414
Sm_t00014539-RA	97.7374888817551	-1.16483105765582	0.217719862695077	-2.66319779223767	0.00774019027182291	0.0195091677330952
Sm_t00008323-RA	204.452838033684	-1.16462292072849	0.205576231416856	-2.81950358139003	0.00480979942497845	0.0124683533802196
Sm_t00006924-RA	396.126324747783	-1.16315441095982	0.185863978626709	-3.11063184610394	0.00186687532771019	0.00509392452235813
Sm_t00008373-RA	635.123377462909	-1.16264579946372	0.128537085902164	-4.49400105354333	6.98972819672645e-06	2.46475216556031e-05
Sm_t00001872-RA	403.052434125751	-1.16187987476304	0.161432559423607	-3.57350386330233	0.000352236043991987	0.00104833804195436
Sm_t00000207-RA	281.700924842169	-1.16123294446687	0.136250479665835	-4.2292177310504	2.34505305474195e-05	7.8916957143215e-05
Sm_t00014716-RA	219.028586303253	-1.16116692883062	0.247923974488993	-2.32396616752447	0.0201273074002941	0.0476792785372723
Sm_t00010391-RA	417.170200616564	-1.16066972838936	0.145187812168224	-3.96500036602489	7.33958344681256e-05	0.000235392339347331
Sm_t00008363-RA	216.201111005972	-1.16049689309462	0.204163090856847	-2.81880966182148	0.00482020917445324	0.0124895076105214
Sm_t00002647-RA	170.53298943895	-1.15901405775227	0.226103230828947	-2.53872558851903	0.0111257049947593	0.0273957123137769
Sm_t00010769-RA	753.422394676593	-1.15863703954918	0.103894139266667	-5.52136091215711	3.36384031641709e-08	1.42873156529515e-07
Sm_t00004584-RA	700.744876486091	-1.15808020934542	0.180924875355111	-3.16750368472332	0.00153753761614142	0.00423343828259235
Sm_t00002664-RA	2306.47960934906	-1.15803795087096	0.0846984555897166	-6.76562455455835	1.32735345728197e-11	6.96411146185921e-11
Sm_t00009936-RA	844.028702781565	-1.15723190927952	0.188191225646665	-3.04069388630214	0.00236033668001307	0.00634988508004808
Sm_t00001384-RA	754.250790036755	-1.15699728389947	0.112680123681366	-5.07629265226006	3.84870362701203e-07	1.5195948096413e-06
Sm_t00010800-RA	214.556552750228	-1.15691801732998	0.181829701328129	-3.14534981442829	0.00165888343862634	0.00455250087654655
Sm_t00012175-RA	357.903988969333	-1.1567633869869	0.18056979510562	-3.16643980601771	0.00154317280532639	0.00424825195688763
Sm_t00011797-RA	1942.22258977019	-1.15637020568955	0.115087061917838	-4.9646780113081	6.88151428400667e-07	2.66215199588906e-06
Sm_t00002193-RA	562.574781415797	-1.15613937747385	0.118246587564993	-4.83007069578168	1.36484582730159e-06	5.12987405035871e-06
Sm_t00011069-RA	142.881789575123	-1.15531134987312	0.189722288633123	-3.00603241707653	0.00264680778725209	0.00709078869733761
Sm_t00009144-RA	152.609990636692	-1.15430567893998	0.211472501318364	-2.69210263930682	0.00710030899631718	0.0179806852022882
Sm_t00007795-RA	180.81285651833	-1.15357316673499	0.167811026098534	-3.38817525852644	0.000703592908846653	0.00201728927290319
Sm_t00008429-RA	908.039906432464	-1.15331383215906	0.169699105638605	-3.34895007266186	0.000811184119080907	0.00231184004373819
Sm_t00007375-RA	890.173197434336	-1.15258707405127	0.180634230082489	-3.14219001455081	0.00167689171912754	0.00460040551008343
Sm_t00014398-RA	7637.36684261812	-1.15200811629928	0.153365029478266	-3.69711477400153	0.000218063767922831	0.00066347146046731
Sm_t00003186-RA	3591.40316540404	-1.15023884062262	0.115149848589878	-4.90872413246321	9.1670820836878e-07	3.50321755792777e-06
Sm_t00006715-RA	4212.06520186958	-1.14901475871347	0.20336375860808	-2.77342808066621	0.0055469099710209	0.0142439380757309
Sm_t00014357-RA	497.541113261581	-1.14862726519609	0.0996734386623673	-5.65473884276551	1.56083413183372e-08	6.76916817705964e-08
Sm_t00007634-RA	290.146549183508	-1.14695936241963	0.162109515148318	-3.46654150378209	0.000527200335712145	0.00153667597415449
Sm_t00000452-RA	1325.68593198172	-1.14655879623413	0.126639964821478	-4.43429368466538	9.23746327027469e-06	3.22797699090069e-05
Sm_t00001132-RA	211.204157927654	-1.14448691166134	0.209721362673619	-2.66776309541748	0.00763580786383069	0.0192635601083889
Sm_t00000044-RA	3472.88833080524	-1.14212249939043	0.125742561244318	-4.43065970565002	9.3945240456018e-06	3.28148420112465e-05
Sm_t00005618-RA	271.942036108329	-1.1413775271357	0.147185694135032	-3.78010601101804	0.000156761598599999	0.0004838518947802
Sm_t00001146-RA	371.949902337578	-1.1407772608779	0.129372693942235	-4.29593945941992	1.73955055836999e-05	5.92706753964558e-05
Sm_t00007339-RA	758.020643165135	-1.14033411095668	0.113923202563148	-4.87463570600428	1.09009428183262e-06	4.13263326052975e-06
Sm_t00020525-RA	343.44741594066	-1.14010405636537	0.131725611531601	-4.21409359889134	2.50783275975111e-05	8.41399357742879e-05
Sm_t00010018-RA	1015.46350314775	-1.13951337931608	0.112737762893014	-4.91861258451887	8.71597811633298e-07	3.33925398946354e-06
Sm_t00001579-RA	244.977936890472	-1.13940953831465	0.177427928910942	-3.12470275518424	0.00177984813398341	0.00486762604102704
Sm_t00004847-RA	95.4683443584479	-1.13908883560528	0.222385533698048	-2.49156870229525	0.012718036812061	0.0310640846356763
Sm_t00014522-RA	547.582266480076	-1.13843275075663	0.145235658515938	-3.81058451079971	0.000138638607295723	0.000430705318972799
Sm_t00003063-RA	638.194763156758	-1.13743148867413	0.146090590461342	-3.78143100749745	0.000155929438608436	0.000481459237875687
Sm_t00000364-RA	119.675206464457	-1.13496416145024	0.183411098652505	-2.99853261602347	0.00271283117550132	0.00725610287777324
Sm_t00014566-RA	1308.59468569947	-1.13409059754171	0.117124691611883	-4.68808574848793	2.75772471400621e-06	1.00323604031263e-05
Sm_t00015696-RA	550.212248095669	-1.13404060268573	0.136768693593471	-4.01437337931804	5.96039300890206e-05	0.000192980032540895
Sm_t00007599-RA	317.639985117141	-1.133234579118	0.160192449531975	-3.42234968451849	0.000620824140782992	0.0017932527375001
Sm_t00009253-RA	566.673112892506	-1.13164302397183	0.177529837824344	-3.079161399971	0.00207584188243808	0.00562357685439155
Sm_t00003522-RA	154.037616236554	-1.13109253884151	0.194651340384007	-2.80549077013381	0.00502400202159163	0.0129852328433938
Sm_t00004827-RA	271.605428294538	-1.13020954699414	0.175773422974618	-3.10177464697188	0.00192364336712607	0.00523766773612064
Sm_t00014105-RA	663.196537729206	-1.12963768180085	0.147118218166562	-3.70204104283148	0.000213872009670385	0.000651431694476005
Sm_t00006861-RA	162.60260811448	-1.12957763068049	0.198639219533494	-2.74154133287193	0.00611516664255401	0.0156165025190349
Sm_t00005447-RA	350.954372163396	-1.12830106084907	0.159266438498673	-3.41127148927612	0.0006466067447954	0.00186288051795257
Sm_t00007697-RA	664.974927447405	-1.12681876213642	0.125511170991174	-4.31689671809787	1.58238152808495e-05	5.40592934676767e-05
Sm_t00011191-RA	387.630081914115	-1.12543530001865	0.152164715280376	-3.55164664175169	0.00038282860283694	0.00113345774910042
Sm_t00011186-RA	248.264845781042	-1.12529510914817	0.16600954242762	-3.25460272492313	0.00113551085886817	0.00316946043683412
Sm_t00013963-RA	402.903015506351	-1.12501137044016	0.131543777366786	-4.10518369815731	4.03993715842765e-05	0.000132867271836304
Sm_t00005056-RA	200.012635838967	-1.12200637644671	0.175105630568678	-3.06675676106311	0.00216394869086572	0.00584894650209981
Sm_t00014447-RA	916.964987118299	-1.12146052677105	0.125000285971189	-4.29167439580656	1.77330849194859e-05	6.03591599078045e-05
Sm_t00001466-RA	818.286257203197	-1.12081568948647	0.186610453910517	-2.87130585804908	0.00408779791711058	0.010699958784291
Sm_t00007274-RA	231.814758421849	-1.12060748909445	0.176478507950135	-3.03497290018898	0.00240557300766207	0.00646636036172903
Sm_t00000421-RA	1762.80096037524	-1.11951690444458	0.139045434438497	-3.84418881931004	0.00012095185394736	0.000378369198695797
Sm_t00004843-RA	469.31155328282	-1.11942418421509	0.138920365372447	-3.84698228213183	0.000119581613440861	0.000374434307649975
Sm_t00003409-RA	1073.09141237785	-1.11932492583992	0.123426284150418	-4.32910161330581	1.49718845585423e-05	5.12961030391191e-05
Sm_t00009410-RA	579.956074415888	-1.11903756275076	0.12427693007029	-4.29715766593781	1.73002145978518e-05	5.89701196584848e-05
Sm_t00004846-RA	134.513793157683	-1.11792077170831	0.202823603698023	-2.62750864293761	0.00860126567742141	0.0215361316179898
Sm_t00004111-RA	4642.87387835699	-1.11788516953485	0.145690267421221	-3.65765798201312	0.000254530376120219	0.000767692740432847
Sm_t00007213-RA	646.498083506814	-1.11725596111265	0.1016657742533	-5.23535049058431	1.64672076463074e-07	6.66773808877466e-07
Sm_t00014163-RA	889.619821586046	-1.11676946315831	0.143268821179733	-3.71169008566905	0.000205879970691756	0.000627892448147798
Sm_t00009280-RA	189.521527593924	-1.11631883167688	0.177951705918543	-2.98574733484202	0.00282886269541416	0.00754816510975638
Sm_t00000271-RA	672.068552834088	-1.11452725083825	0.0992391866058316	-5.3358685107072	9.50882938028845e-08	3.91396293098208e-07
Sm_t00022488-RA	490.063650051921	-1.11363089159023	0.149629395321485	-3.53293475827023	0.000410973877809602	0.00121361511373025
Sm_t00002302-RA	350.85884988925	-1.11293947325889	0.180935222435331	-2.91783692612745	0.0035246863024431	0.00929610899716549
Sm_t00007332-RA	1230.12796028693	-1.11213053426264	0.103222957977244	-5.10671796848575	3.27802441295876e-07	1.30012692073969e-06
Sm_t00002271-RA	151.7309687399	-1.11025135129052	0.16916606815725	-3.10494508155306	0.00190314357003941	0.00518863593939713
Sm_t00004530-RA	1700.49261532151	-1.10859654985631	0.105327494062817	-4.9711289014817	6.656417353025e-07	2.57806557234807e-06
Sm_t00000419-RA	262.820602080744	-1.10783783901937	0.136726243232121	-3.82397575373844	0.000131316834336104	0.000409103390007635
Sm_t00002945-RA	172.793015159666	-1.10676740052936	0.191188335783142	-2.72907548670322	0.00635121635887254	0.0161820988232026
Sm_t00003968-RA	956.76752259651	-1.1050327918908	0.113207237584564	-4.5936355571113	4.35589836398215e-06	1.56111348853732e-05
Sm_t00008728-RA	792.276054357801	-1.10475754458159	0.167541081673701	-3.10226924279896	0.00192043205511423	0.00523063393951812
Sm_t00017636-RA	110.505559673859	-1.10443820110898	0.196883585667429	-2.63830120397339	0.00833225376773081	0.0209097142607502
Sm_t00012228-RA	220.229067792097	-1.10425683121668	0.165377757549702	-3.13982266364101	0.00169050134267044	0.00463164002733621
Sm_t00013824-RA	1747.16663194097	-1.104022571183	0.0740495111545121	-7.00912893401828	2.39806390696356e-12	1.31361225130546e-11
Sm_t00009969-RA	917.530906572348	-1.10385212866285	0.0942134376962443	-5.50719877493155	3.64588515081164e-08	1.54262521824283e-07
Sm_t00017649-RA	132.243603273439	-1.10165612085572	0.182046590235189	-2.83804338322539	0.00453910127349755	0.0118107386775886
Sm_t00006745-RA	274.698898367503	-1.10135682711841	0.187988663341092	-2.74674450012719	0.00601900037496587	0.0153827106852074
Sm_t00011014-RA	865.270494153241	-1.10128215047798	0.218991845207076	-2.35754052846025	0.0183964470586161	0.0438905564758243
Sm_t00005758-RA	181.255168611381	-1.10113267502358	0.204051345732323	-2.52942548931113	0.0114249429559264	0.0280785924697288
Sm_t00008482-RA	230.671683158131	-1.10093671939337	0.191202751743082	-2.69837496944937	0.00696789067559375	0.0176722172463521
Sm_t00007363-RA	656.110924199124	-1.10017489370657	0.143732184737292	-3.5842695541586	0.000338022856671142	0.00100765654016247
Sm_t00003524-RA	136.095064996842	-1.09927524985522	0.178445324149253	-2.88197660715993	0.0039518907142436	0.0103702891490028
Sm_t00009035-RA	152.352968917285	-1.09907483957016	0.180174126504626	-2.85321122151777	0.00432798440183538	0.0112984742463209
Sm_t00013877-RA	336.28184174756	-1.0990342749481	0.126013891549641	-4.07918737074792	4.51934011752363e-05	0.000147991286962274
Sm_t00005877-RA	131.582738651214	-1.09889064835142	0.221551528633726	-2.31950847516377	0.0203674821281076	0.0482070925390759
Sm_t00005541-RA	195.211923768448	-1.09834574310532	0.166575483631143	-3.08176048428622	0.00205780343038937	0.00557924634495868
Sm_t00009332-RA	2132.74459263404	-1.09777566818057	0.103870127108439	-4.93670011248987	7.94555047797091e-07	3.0574492922624e-06
Sm_t00009789-RA	2724.4386010161	-1.09763576179612	0.158507736630745	-3.23413716385556	0.0012201084267526	0.00339366415859958
Sm_t00001391-RA	1166.76505857378	-1.0969562048125	0.117778119184435	-4.34678536520691	1.38147283372607e-05	4.7507379158152e-05
Sm_t00015648-RA	661.489203961693	-1.09409028023672	0.129977219081182	-3.91676544424873	8.97449896049243e-05	0.000284756578445491
Sm_t00007821-RA	388.862942742901	-1.09384680568885	0.132549549756318	-3.83891764720683	0.000123577867613253	0.000386148962427606
Sm_t00011422-RA	276.962042181155	-1.09228078145473	0.159257365900436	-3.18528928685077	0.00144609371635281	0.0039908928308491
Sm_t00006544-RA	612.212234940978	-1.09111092884714	0.1306105407937	-3.87496235580665	0.00010664118371425	0.000335745386186351
Sm_t00005472-RA	660.699630776584	-1.08960259014326	0.126257178319531	-3.99662495914656	6.42519722130431e-05	0.000207504721427854
Sm_t00012413-RA	102.834851176507	-1.08932701883552	0.200229171173585	-2.5187489708895	0.0117772587983955	0.0288975662194245
Sm_t00007772-RA	555.316053380015	-1.08838955572323	0.0999690995742515	-5.0354515331944	4.7672374249875e-07	1.86985262598168e-06
Sm_t00004929-RA	206.472476502474	-1.08745076695434	0.185120431634205	-2.71418320775729	0.00664394114427866	0.0168891761912702
Sm_t00001796-RA	1899.07643240465	-1.086686344874	0.07630078364442	-6.57511392297075	4.86159307562456e-11	2.46302972791223e-10
Sm_t00001742-RA	3509.16612528577	-1.08652443429607	0.115721758775159	-4.33388188707458	1.46502797322207e-05	5.02562520138657e-05
Sm_t00012503-RA	194.762086017879	-1.08481235932265	0.139990731644583	-3.57032464543158	0.000356539069458	0.00106019775420053
Sm_t00013130-RA	975.500730905447	-1.0837255633728	0.128230394537067	-3.88929290261705	0.00010053672000146	0.000317065634567271
Sm_t00006742-RA	1637.33642396044	-1.08275842905885	0.13553728471111	-3.67248340646485	0.000240204752998843	0.000726589935619162
Sm_t00003523-RA	204.182888805429	-1.08209052222779	0.198437288201377	-2.50502577783331	0.012244246920981	0.0299639584559573
Sm_t00010496-RA	145.033858325523	-1.08198189220915	0.170152142607488	-2.92080889839633	0.00349123905957272	0.0092108109367061
Sm_t00013446-RA	479.443453883834	-1.08149011751828	0.19676593088041	-2.52325245176737	0.0116274893973411	0.0285469002772157
Sm_t00007949-RA	1749.13413685077	-1.07944941467675	0.101031738264333	-4.89400086716412	9.88064026659936e-07	3.76381672904212e-06
Sm_t00017660-RA	186.776032106768	-1.0793188689693	0.206081594209621	-2.39865608020528	0.0164553619139179	0.0395203890948739
Sm_t00000911-RA	6651.71260619666	-1.07861560707157	0.0937051257270277	-5.26775459978063	1.38102551018631e-07	5.62197530515237e-07
Sm_t00001277-RA	113.124037430236	-1.07696428199628	0.18728336999577	-2.626844455049	0.00861807183799964	0.0215749685418392
Sm_t00000926-RA	1162.38835076828	-1.07680728895867	0.174461089263963	-2.8190084736577	0.00481722464134036	0.012483716253181
Sm_t00003041-RA	467.451011388365	-1.07635529446841	0.195494971422148	-2.51339096291838	0.0119576735764106	0.0293057122901056
Sm_t00008036-RA	140.052797813613	-1.07623150781725	0.196726118860801	-2.49703247673397	0.0125237486271861	0.0306209606093742
Sm_t00011177-RA	175.594089771044	-1.07600701570005	0.19744368593749	-2.48682055021755	0.0128890395161528	0.0314402724059267
Sm_t00006240-RA	213.065340540056	-1.07587173181316	0.176618278188599	-2.77928047338902	0.00544794632668082	0.0140114080453681
Sm_t00002175-RA	422.117514404367	-1.07578078642895	0.21091916395407	-2.32686673523806	0.019972359161732	0.047359367817243
Sm_t00011925-RA	193.263824524524	-1.07577806631744	0.191228499807536	-2.56644834222614	0.01027459281301	0.0254164192276687
Sm_t00000250-RA	1418.98011407899	-1.07471608491868	0.118084023764779	-4.1471832455014	3.36590664109652e-05	0.000111381153808871
Sm_t00020213-RA	144.02609906904	-1.07367264102622	0.167083099191855	-2.9247281346218	0.0034475727154703	0.00909993127781719
Sm_t00010725-RA	1407.97407640005	-1.07362022093004	0.0964043472125538	-5.06844592653821	4.01076886758066e-07	1.58170899138633e-06
Sm_t00002427-RA	1288.63566587209	-1.07349363223245	0.112549112831274	-4.34027083771659	1.42307208638804e-05	4.88471766228146e-05
Sm_t00017023-RA	1603.02885992279	-1.07199909672055	0.125265628317303	-3.88773124170152	0.000101185573863211	0.000319051540680176
Sm_t00006408-RA	850.469525179817	-1.07158228446795	0.125456172817319	-3.87850413049408	0.000105100742519758	0.000331020640743834
Sm_t00003217-RA	807.016534239445	-1.07126565273434	0.171719977166433	-2.83173606681213	0.00462960454584658	0.0120293171930607
Sm_t00010864-RA	270.541016251067	-1.07030661024502	0.164077311278139	-2.95779231427275	0.00309850809822939	0.00823336224283062
Sm_t00004625-RA	891.52295474973	-1.06951995792018	0.175178853217716	-2.76585871536677	0.00567731259807533	0.0145563603599721
Sm_t00013414-RA	223.473074318823	-1.068159776675	0.173285032235207	-2.78823722073805	0.00529957219965463	0.013661447493322
Sm_t00007289-RA	841.245626290969	-1.06664993808551	0.175025192457186	-2.75188920705417	0.00592525634487626	0.0151547551347994
Sm_t00006000-RA	224.663898791588	-1.06656865606512	0.155887312912761	-3.0892100650591	0.00200689483912258	0.00544831392276792
Sm_t00009331-RA	119.112305375476	-1.06655513215023	0.193964019971266	-2.48270340149459	0.0130389603542259	0.0317780543644031
Sm_t00014161-RA	278.037912321908	-1.06572559991837	0.14902510069498	-3.22580288606754	0.00125619839393227	0.00349286477151123
Sm_t00008362-RA	132.663269797857	-1.06469838241249	0.199182555095159	-2.40833531924178	0.0160254544135687	0.0385657352818878
Sm_t00008506-RA	517.416346926045	-1.06458274563772	0.120704853461518	-3.9731852687317	7.09178449920999e-05	0.000227971721705596
Sm_t00006127-RA	130.56017862925	-1.06399911296455	0.189522779087926	-2.52739599572002	0.0114911853538425	0.0282372275592724
Sm_t00019151-RA	155.845863537688	-1.06339587783786	0.176245798583478	-2.71436755759755	0.0066402445996911	0.0168826931597291
Sm_t00012826-RA	2587.03173565347	-1.06304827457451	0.104539328130031	-4.57290364426193	4.81011376761208e-06	1.72019912281842e-05
Sm_t00001195-RA	716.522194441141	-1.06281111598402	0.157877136495879	-3.0264744255511	0.00247423750524921	0.00664129042256547
Sm_t00001162-RA	352.034502234534	-1.0627028158725	0.127343319266802	-3.75129860461424	0.000175921032063432	0.000539983886514216
Sm_t00003940-RA	1594.45973758262	-1.0625514821764	0.10648774757229	-4.48456740858579	7.30620068828172e-06	2.57199262606502e-05
Sm_t00011836-RA	376.89663842205	-1.06078893617577	0.14412848965811	-3.301144258879	0.00096291358950733	0.00271960233537014
Sm_t00009118-RA	2710.7829441985	-1.05976010144103	0.0665399002249204	-7.13496864041321	9.68092285864373e-13	5.42066598249705e-12
Sm_t00014993-RA	1248.33475464113	-1.05894686361413	0.0989405472187287	-4.79021874183061	1.66599595837441e-06	6.20298629293716e-06
Sm_t00001378-RA	833.273523943963	-1.05810137415925	0.138318339331559	-3.42038067002227	0.000625335637566528	0.00180503223888117
Sm_t00012300-RA	665.4312353099	-1.05753517250539	0.183976296624173	-2.56845681305719	0.0102152439983424	0.0252846262294782
Sm_t00007046-RA	260.105674890062	-1.05683775875463	0.1672710329209	-2.82079778258889	0.00479043895907129	0.0124220317839679
Sm_t00004427-RA	429.201615612988	-1.05679235608641	0.152615283266127	-3.09138341842024	0.00199226197545145	0.0054094702505412
Sm_t00002580-RA	493.742432190725	-1.05661698719367	0.154234872048401	-3.05778440977776	0.00222979933611492	0.00602107267644714
Sm_t00020272-RA	1538.27516639845	-1.05592049948064	0.120311572903798	-3.91417457285835	9.07139897706413e-05	0.000287612036847991
Sm_t00011848-RA	140.319895248516	-1.05502868096381	0.203520689048738	-2.30948845132521	0.0209164918003471	0.0493662397860841
Sm_t00007147-RA	293.340485597105	-1.05426270057852	0.143542757310226	-3.26914927211787	0.00107871377066598	0.00302206760708944
Sm_t00002292-RA	213.588567849604	-1.05363423885904	0.159324317356824	-2.94138551247946	0.0032674760226797	0.00865886344031156
Sm_t00009595-RA	423.192793557996	-1.05318575087712	0.188876577625551	-2.47879200673203	0.0131828154700964	0.0320818491044543
Sm_t00007669-RA	846.91101558014	-1.05250451618017	0.1462233533757	-3.19719460255427	0.00138771271096738	0.00384122936844377
Sm_t00006062-RA	631.839058586012	-1.05033020731074	0.128017705159112	-3.63488946105063	0.00027809984971298	0.000836509082072738
Sm_t00010798-RA	127.740593154584	-1.04859850843202	0.194428245561143	-2.38441954302483	0.0171060880877746	0.0409768788274588
Sm_t00018449-RA	190.956132419774	-1.04819876402413	0.17254930962276	-2.68444287048617	0.00726507985106891	0.0183719180934696
Sm_t00004328-RA	1249.27104569668	-1.04740587365571	0.119490246576046	-3.86982106829472	0.000108915260340407	0.000342516595573061
Sm_t00012286-RA	355.748361003169	-1.04724811270769	0.14945784027779	-3.09283281391282	0.00198255790974677	0.00538487684013723
Sm_t00013272-RA	323.592154589993	-1.04684382975155	0.197327602298346	-2.34049278647433	0.0192583104377618	0.0458031032655963
Sm_t00004017-RA	427.947283023352	-1.04623103760771	0.14528670718949	-3.17462654725974	0.0015002945504753	0.00413636322770897
Sm_t00000562-RA	268.491039216093	-1.0461846397653	0.170537399747038	-2.7043020501625	0.00684480384178086	0.0173706188903695
Sm_t00010669-RA	474.156433734308	-1.04562655937839	0.153695144315762	-2.99701439124225	0.00272637842379948	0.00728755002946916
Sm_t00000851-RA	4509.76239614014	-1.04371770556261	0.135347513429058	-3.38918458079424	0.000701008058389646	0.00201022417570231
Sm_t00018114-RA	1795.02279752766	-1.04265170066867	0.181494810148095	-2.52156907569557	0.0116832734409971	0.0286754042994149
Sm_t00009820-RA	265.113749174	-1.0416075810916	0.17693719795315	-2.58061948744379	0.00986232200199604	0.0244765434906511
Sm_t00010471-RA	567.053283048901	-1.04092138025466	0.119019663644212	-3.8306391254604	0.000127810841727906	0.000398702809270311
Sm_t00013942-RA	704.447466512815	-1.04072762588748	0.138027622969415	-3.30171320843846	0.00096096270137444	0.00271501300534183
Sm_t00014640-RA	163.238668416546	-1.03998884734704	0.173609196693097	-2.62076466001605	0.00877328024806084	0.0219470344454419
Sm_t00001766-RA	285.794578490443	-1.03982149401308	0.177736268350976	-2.55896839870039	0.0104983284250239	0.025946758887841
Sm_t00012427-RA	658.979445400807	-1.03916435930398	0.1282937061518	-3.54003616332201	0.000400072207068127	0.00118226056862531
Sm_t00007637-RA	422.023180619907	-1.03446651225296	0.157420654961866	-2.85519401734058	0.00430105451563432	0.0112316924473172
Sm_t00003375-RA	11019.5577846499	-1.03321339201724	0.15798616323408	-2.83704207281209	0.00455336114508295	0.0118459924964535
Sm_t00001821-RA	1018.3678064559	-1.03124750300856	0.142176195471366	-3.13869351707635	0.00169702839745186	0.004648758270803
Sm_t00003551-RA	263.40347058343	-1.03009667078934	0.174000195800759	-2.55802396509373	0.0105268837344113	0.0260134741503967
Sm_t00017043-RA	1033.3172187584	-1.0300345149842	0.119530918535915	-3.72317489428885	0.000196733140503091	0.000600766389459303
Sm_t00013514-RA	214.319526621505	-1.02974215508209	0.163506301352415	-2.72003067406871	0.0065275860801453	0.0166136789798412
Sm_t00002011-RA	832.039707098059	-1.02948265735872	0.113527624770182	-3.91519384166188	9.03316043268423e-05	0.000286563295539238
Sm_t00012944-RA	127.355793031062	-1.02872589616327	0.182711514961019	-2.42856010612106	0.0151589122040205	0.0366126083071732
Sm_t00005470-RA	6741.86018305652	-1.0287201521061	0.152643631088144	-2.90690249532832	0.00365026958347437	0.0096121072907866
Sm_t00013491-RA	743.829505083449	-1.02649492321506	0.155115683249556	-2.84623007787525	0.00442402175823025	0.0115311147627288
Sm_t00003846-RA	792.604356043236	-1.02622561508628	0.111092956438082	-3.97167947665696	7.13677021831314e-05	0.000229285088325285
Sm_t00016886-RA	213.421968082168	-1.02599783585535	0.153124380464316	-2.87999751912871	0.00397678300225338	0.0104306804049027
Sm_t00013970-RA	791.5678576319	-1.02566641903474	0.0870882342784848	-5.05999946704178	4.19257649915577e-07	1.6510623953413e-06
Sm_t00012241-RA	290.514378030526	-1.02438528640706	0.132708213003524	-3.31091253858861	0.000929922685413958	0.00263222635405705
Sm_t00000776-RA	232.530927819267	-1.0239390041274	0.145287655341044	-3.02117205413663	0.00251798236569611	0.00675653193424063
Sm_t00021512-RA	942.798904895417	-1.02282403219238	0.104437990346204	-4.19219127772405	2.76272902311133e-05	9.21905850700893e-05
Sm_t00006409-RA	446.952027163621	-1.02237339825197	0.143479384790891	-3.04833616961354	0.00230112347393252	0.00620260757747054
Sm_t00014374-RA	404.289316586765	-1.02205667852839	0.131154557207626	-3.33237889581298	0.000861069371933014	0.00244564255714581
Sm_t00009199-RA	786.528983548812	-1.02118797224903	0.138559107193775	-3.14802816706244	0.00164375853394915	0.00451396796217027
Sm_t00000011-RA	382.45199151916	-1.02075458150889	0.188384766305138	-2.31310944114808	0.0207166227689064	0.0489569445431186
Sm_t00003243-RA	416.328410987807	-1.02013700035563	0.185930294188543	-2.34032330371286	0.019267053014464	0.0458173546202627
Sm_t00001266-RA	513.30175382034	-1.0192799107748	0.120676212769004	-3.59872008583901	0.000319787157986207	0.000955689716134594
Sm_t00000305-RA	11327.9055224308	-1.01851360450045	0.168035893377301	-2.57988692646194	0.00988326704603425	0.0245212187150489
Sm_t00003204-RA	230.937982488806	-1.0169614963976	0.162828088242398	-2.65286843971628	0.00798109715173565	0.0200778240284434
Sm_t00014146-RA	974.773803660698	-1.01674958854617	0.113127684656077	-3.81648037665354	0.00013536883582895	0.000421175582226121
Sm_t00012590-RA	3437.96961886964	-1.01644656654654	0.10663812071229	-4.04589431682299	5.21237459891947e-05	0.000169850813906104
Sm_t00002266-RA	775.755428806449	-1.01557624934408	0.102637971684414	-4.19509702187022	2.72754810494695e-05	9.10713496336066e-05
Sm_t00005957-RA	658.659062295287	-1.01444343040817	0.118267676984447	-3.6311141079117	0.000282200371017262	0.000848383645624536
Sm_t00003998-RA	309.848827463428	-1.01411503036228	0.140765111851822	-3.04844733696513	0.00230027226762581	0.00620131662633286
Sm_t00011568-RA	350.64636933093	-1.01173702118523	0.131329241003338	-3.24936790866235	0.00115661780854241	0.00322621223286998
Sm_t00011366-RA	2994.86147463591	-1.01171536118821	0.0773759101264436	-5.51483479148602	3.49107743092372e-08	1.47975490698034e-07
Sm_t00013822-RA	1276.14509695482	-1.01133364852127	0.118589201506111	-3.59504611808437	0.000324334117749604	0.000968583315430782
Sm_t00004394-RA	1015.6721329667	-1.00983291618302	0.1340564734426	-3.16905931711628	0.00152933180031774	0.00421293354220157
Sm_t00005277-RA	232.436643942333	-1.00970580088509	0.152617279713733	-2.78281595427277	0.00538893660675049	0.0138738497328684
Sm_t00009826-RA	176.505557068493	-1.00800118766504	0.171010005894968	-2.47354641882676	0.0133779423764395	0.0325233164195461
Sm_t00002346-RA	132.802456744739	-1.00799456809309	0.176814807990764	-2.39230284442685	0.0167430207619728	0.0401591418074791
Sm_t00008955-RA	195.731002073363	-1.00669310736877	0.171051380436287	-2.46530081366891	0.0136898266561447	0.0332475772617084
Sm_t00007150-RA	160.080160703133	-1.00638990243117	0.181356513983449	-2.3235443446472	0.0201499283156988	0.0477260779017363
Sm_t00006073-RA	353.579355390244	-1.00500518449071	0.138530405518632	-3.03186280959974	0.002430496408249	0.00653019502719545
Sm_t00019122-RA	420.102442380543	-1.00431736874729	0.148494705269413	-2.82378666624189	0.00474599630095845	0.0123125379818355
Sm_t00003718-RA	605.524843786816	-1.00283000729356	0.112033264583663	-3.72951737902396	0.000191846874736391	0.000586382612726387
Sm_t00010824-RA	1852.52166610207	-1.00270403958952	0.178197040072222	-2.34405711464243	0.0190752500816849	0.0454001308559376
Sm_t00007555-RA	758.69676020254	-1.00215918231077	0.133845014514824	-3.11673306490294	0.0018286706962741	0.00499704666314533
Sm_t00011766-RA	384.258379891038	-0.995916752735903	0.171564536089476	-2.39511476032318	0.0166151639944076	0.0398926782673453
Sm_t00005760-RA	380.374171385452	-0.995087623020939	0.117895550261196	-3.47839780307566	0.000504420738890792	0.00147414748569172
Sm_t00009027-RA	795.899594604381	-0.994306012720335	0.121480229965164	-3.36932201097831	0.000753533403777451	0.00215432604291958
Sm_t00013176-RA	715.239436407405	-0.991835958288473	0.0968591134115323	-4.20028579613277	2.66578268431772e-05	8.91340986659264e-05
Sm_t00003112-RA	451.731079296502	-0.991632315052951	0.128530505547075	-3.16370275929568	0.00155775801719118	0.00428698712214947
Sm_t00009652-RA	1249.55164494432	-0.991606818612076	0.143945528206048	-2.8247269899906	0.00473209169960074	0.0122802903149944
Sm_t00000998-RA	1233.80648845698	-0.990030594631977	0.123276266579096	-3.28555208452963	0.00101782722662496	0.00286353081255169
Sm_t00006903-RA	798.967719287537	-0.9898801787553	0.135026307160158	-2.99852811848777	0.00271287121639883	0.00725610287777324
Sm_t00015391-RA	872.706540220946	-0.989125944486552	0.129949300328335	-3.10987395442276	0.00187167195382371	0.00510617612296026
Sm_t00011064-RA	1007.17079429541	-0.98855531008825	0.131306102243541	-3.07339341578925	0.002116392741724	0.00572877320306117
Sm_t00001368-RA	770.325281194005	-0.987747970979146	0.0861922456965538	-4.67267058334982	2.97308407362788e-06	1.07805038089885e-05
Sm_t00019939-RA	207.400374635289	-0.986281662041908	0.157360534914428	-2.55007815180675	0.0107698773599546	0.0265745248203412
Sm_t00010938-RA	923.330141268362	-0.984277678157619	0.114311437418372	-3.49289351245134	0.000477817009288403	0.00140033000364641
Sm_t00012921-RA	157.46796864022	-0.984249578401217	0.164095338759037	-2.43303424351065	0.0149728847734297	0.0362105567008989
Sm_t00010412-RA	678.438119796248	-0.984014316234345	0.135547209509519	-2.94372947756128	0.00324283315910052	0.0085949267723622
Sm_t00002837-RA	410.577445480323	-0.982808523820531	0.143777822712717	-2.76682812630564	0.00566045890924756	0.0145160945047488
Sm_t00013074-RA	2787.21153077107	-0.982192618584344	0.106052276068461	-3.74525312712706	0.000180211982626329	0.000552645656588622
Sm_t00001929-RA	911.62815373108	-0.980336102004007	0.110354985961054	-3.58240362735878	0.000340447229723703	0.00101452056399596
Sm_t00007694-RA	698.569172766744	-0.980327629965147	0.103658839081855	-3.81373777158523	0.000136880706553564	0.000425482144013672
Sm_t00005452-RA	574.611683442668	-0.980064688922559	0.141062005098444	-2.80064563556184	0.00510004890059251	0.013169121665744
Sm_t00010937-RA	446.829577855602	-0.979779353203416	0.142538240992985	-2.76963817185625	0.00561185959463627	0.0143974059952951
Sm_t00002180-RA	586.188099891475	-0.978704389966375	0.140854062137338	-2.79512272484195	0.00518800164608479	0.0133883394919412
Sm_t00014506-RA	298.234256304162	-0.977111730387531	0.15430987824132	-2.54106694176973	0.0110514757856061	0.0272330597095602
Sm_t00007280-RA	754.79952601325	-0.974820048886783	0.104250528606567	-3.73926208430014	0.00018456123026112	0.000565462750356767
Sm_t00008655-RA	198.910918101242	-0.971174590275226	0.164066795637179	-2.35376444560557	0.0185843836262489	0.04430146858129
Sm_t00001441-RA	187.252336636356	-0.971166230076175	0.14838120915286	-2.60252785565558	0.00925392972479842	0.0230628308431616
Sm_t00001397-RA	587.853399925753	-0.970439979297504	0.10141587676697	-3.80058814837399	0.00014435305512629	0.000447957003035348
Sm_t00012832-RA	937.180766406378	-0.969940389209292	0.129296250755423	-2.97719684028152	0.00290897177325503	0.00775198397038591
Sm_t00010146-RA	214.935561167958	-0.969672361499166	0.15812070916103	-2.43277660175061	0.0149835422786159	0.0362310708778028
Sm_t00001085-RA	2188.19209141056	-0.969423191930366	0.0792538728587155	-4.85052878886651	1.23132759353543e-06	4.64585618417062e-06
Sm_t00006916-RA	739.104292545482	-0.968420964671025	0.130062231156407	-2.94798083395894	0.00319856894716348	0.00848841190407031
Sm_t00000959-RA	402.818604218558	-0.967905324488525	0.121070986917049	-3.16265138526433	0.00156339425989253	0.00430107705719071
Sm_t00016905-RA	2701.63098680697	-0.967318791865038	0.118185871029454	-3.23489422665217	0.00121687801635754	0.00338579488833873
Sm_t00000531-RA	663.77259000027	-0.967172937339632	0.107102891968635	-3.56827841260862	0.00035933456595174	0.00106794801735398
Sm_t00007398-RA	1340.3091237168	-0.965427430517857	0.091343726132802	-4.16478992727716	3.11639376959855e-05	0.000103432730452227
Sm_t00004491-RA	868.554868049723	-0.964244889862465	0.118768640486089	-3.19313994258346	0.00140734724810774	0.00389234442287543
Sm_t00014428-RA	415.467715256817	-0.964025824152354	0.126139349972869	-3.00481827624669	0.00265739567151416	0.00711686448490079
Sm_t00012711-RA	394.745500350851	-0.96192748917698	0.141759616579163	-2.658920066749	0.00783915590896793	0.0197466594785404
Sm_t00008932-RA	404.915377981515	-0.959768346588395	0.124636605481331	-3.00688826642131	0.00263936756023819	0.0070731314057992
Sm_t00001601-RA	252.417144802628	-0.957823056945581	0.125075179335976	-2.9807917040367	0.00287504274897126	0.00766647384542392
Sm_t00014651-RA	549.353668449023	-0.953426805485839	0.14217192192393	-2.59141749299112	0.00955814578742379	0.0237676657003889
Sm_t00009785-RA	656.064475696609	-0.950773431853594	0.127873118079196	-2.86044039081817	0.00423053075863916	0.0110596643718473
Sm_t00001775-RA	304.857097286256	-0.95030684697007	0.158270546014453	-2.30811642576068	0.0209926618303341	0.0495389943008507
Sm_t00013967-RA	2605.83425826082	-0.947567699597661	0.110770828686926	-3.27313340430442	0.00106362264248789	0.00298330122555367
Sm_t00015581-RA	2742.99898679201	-0.945932941052369	0.144270122654007	-2.50178577804338	0.0123568669131843	0.0302262392128964
Sm_t00003376-RA	272.222171708905	-0.943703498594277	0.152922219568365	-2.34565977139716	0.0189934362293885	0.0452118692067953
Sm_t00010365-RA	266.503851411115	-0.943485168165044	0.147983912928235	-2.42246039499505	0.0154158060431706	0.0371845492422728
Sm_t00008719-RA	310.278514108304	-0.943472332393575	0.125663795614339	-2.85263015207437	0.00433590526985975	0.0113173785624136
Sm_t00001121-RA	399.950367784713	-0.941073209874624	0.14898494445257	-2.38999458088184	0.0168486214007607	0.0404007967890993
Sm_t00001778-RA	575.569931029669	-0.938667191731354	0.127992093078436	-2.76319562580025	0.00572384493975142	0.0146666372875526
Sm_t00009058-RA	349.406026725898	-0.938508686588101	0.124988664472842	-2.82832597723223	0.00467921333855411	0.0121525313055245
Sm_t00000071-RA	1777.54519732607	-0.937822554273113	0.127519519644922	-2.76681213398189	0.00566073657719104	0.0145160945047488
Sm_t00011695-RA	764.136869959199	-0.937436174844623	0.106023306222792	-3.32413869554334	0.000886920746635505	0.00251435088452251
Sm_t00022541-RA	352.859342895283	-0.937432404210507	0.138277932855458	-2.54872485387024	0.0108117563748637	0.0266620633149489
Sm_t00006119-RA	520.906423702735	-0.936858471267497	0.13054713387633	-2.69526002463463	0.00703337204019699	0.0178328632337293
Sm_t00007089-RA	920.257009507365	-0.934866791186615	0.0918257663081777	-3.8101156707195	0.00013890178826009	0.00043144247414443
Sm_t00009673-RA	935.241398388345	-0.934832769530279	0.145362252565144	-2.40662732832585	0.0161005903624129	0.0387353602335461
Sm_t00010879-RA	724.664337206849	-0.933934506050971	0.149834348206838	-2.32880184167977	0.0198695658066007	0.0471290370505988
Sm_t00011304-RA	1196.24202910261	-0.932872651498809	0.13437561158143	-2.58880794963305	0.00963087905197037	0.0239270966812412
Sm_t00001819-RA	504.350426999	-0.931363265061109	0.148327108990232	-2.33513123406132	0.0195365661000312	0.0464151972150725
Sm_t00010380-RA	2568.46258974965	-0.93133331847337	0.100757969896263	-3.43727963981353	0.000587588620208575	0.0017001999714147
Sm_t00010737-RA	870.685916489248	-0.930613294418893	0.139722898874575	-2.47356229510483	0.0133773479753077	0.0325233164195461
Sm_t00010767-RA	373.063605529789	-0.929533416225538	0.115758034450599	-2.97632400084135	0.00291726475196116	0.00777239104060105
Sm_t00007662-RA	429.851196099726	-0.928232142845737	0.131056322159017	-2.61896669455807	0.0088196557969687	0.0220464925369005
Sm_t00009575-RA	300.85535027232	-0.927739170765274	0.143371871632114	-2.3905607624676	0.016822665216749	0.040344364696315
Sm_t00003746-RA	6730.38492468934	-0.925292667763219	0.080582689069321	-4.22290037343484	2.41178445515056e-05	8.10971042670529e-05
Sm_t00006761-RA	865.521581247526	-0.925252112128195	0.104024914543321	-3.27087134483054	0.00107216675026133	0.00300524208747319
Sm_t00010563-RA	317.074885992205	-0.923922726112277	0.137579929174458	-2.46346053632943	0.0137603042523361	0.0334138700051624
Sm_t00015035-RA	2405.05039627329	-0.923502376883479	0.0772247158083365	-4.38334247449491	1.16872165316751e-05	4.0466774679826e-05
Sm_t00009555-RA	491.011846747204	-0.923090000505608	0.102546072808505	-3.29695707740032	0.000977384367723931	0.00275813464298581
Sm_t00008278-RA	1041.37036043783	-0.922663661239827	0.0934067697262218	-3.61498060825281	0.000300370104105908	0.000900407628971786
Sm_t00003404-RA	771.717715751838	-0.922492854511557	0.125040949899319	-2.69905862666032	0.00695359253886493	0.0176386393349188
Sm_t00014380-RA	955.669004213484	-0.922464891657716	0.0924500265020405	-3.65024115650489	0.000261994213270351	0.000789632640611092
Sm_t00008866-RA	491.734775104164	-0.921459869734997	0.145111332643468	-2.31863262231672	0.0204149647019037	0.0483126128717591
Sm_t00001444-RA	924.037997289819	-0.920781558614668	0.129016189626403	-2.60263118595428	0.00925114143283211	0.0230593317354657
Sm_t00006956-RA	638.083441868959	-0.916784581833349	0.100898747600396	-3.28829236956799	0.00100797103278266	0.00283723917946832
Sm_t00003308-RA	1070.96156931964	-0.916375757877515	0.142516538538408	-2.32517405541821	0.0200626550547976	0.0475531741466731
Sm_t00010884-RA	385.411963666899	-0.9139859734866	0.136211061003882	-2.4152662130517	0.0157237128560059	0.0378888483661719
Sm_t00001148-RA	1516.15607476421	-0.91387190458872	0.131280855402536	-2.50510178030397	0.0122416160835021	0.0299619219393151
Sm_t00008491-RA	703.625288861668	-0.912793014137435	0.141098841515646	-2.32314461703846	0.0201713848070206	0.0477665604939378
Sm_t00002856-RA	319.742119613956	-0.911782965579152	0.126148330738278	-2.5904660304791	0.00958460804680585	0.0238192452399958
Sm_t00007465-RA	284.709464248539	-0.911086747620361	0.131385466412603	-2.48190881780118	0.0130680710393612	0.0318396851504576
Sm_t00008821-RA	426.791056388234	-0.908267784792422	0.136070921261101	-2.37573011041879	0.0175142680479396	0.0418763710553434
Sm_t00022549-RA	1951.12840171812	-0.907242020539834	0.089818551096032	-3.58770005313601	0.000333607750151345	0.000995385617413774
Sm_t00004629-RA	873.360499835564	-0.906219865286322	0.112256952271274	-2.86146967993644	0.00421681835533666	0.0110255470355043
Sm_t00014553-RA	1087.32892805637	-0.90472452642145	0.0947723656988773	-3.37360499617915	0.000741907461372438	0.0021223930090232
Sm_t00003142-RA	939.221178059059	-0.903695825709973	0.128286920093278	-2.48424255160423	0.0129827345494618	0.0316549168801134
Sm_t00000678-RA	5690.22330693093	-0.900809717097896	0.101727095341233	-3.10447984421991	0.00190613914640576	0.00519446009391613
Sm_t00013041-RA	946.422669598118	-0.900760918693683	0.127668117130649	-2.47329502298957	0.0133873576419927	0.0325414568218757
Sm_t00010400-RA	386.123886486068	-0.900258734464379	0.132576900692436	-2.37793109371099	0.0174100789788292	0.0416451889186296
Sm_t00005595-RA	927.975461050138	-0.897665143917462	0.127205407773964	-2.45795481016851	0.0139730755470965	0.0338910152101826
Sm_t00007885-RA	577.964855110953	-0.897320326417872	0.130402898861084	-2.3950412847078	0.0166184939629894	0.0398949232505373
Sm_t00011041-RA	1029.77484584121	-0.895828233956955	0.096668536275376	-3.21540230082217	0.00130261826920652	0.00361650252140704
Sm_t00006590-RA	769.78379066463	-0.893665889194918	0.128078911882683	-2.40996651718629	0.0159539846076446	0.0384048375136046
Sm_t00009624-RA	2548.41711312273	-0.892487498198101	0.0942445783714094	-3.26265450502968	0.0011037398919727	0.00308750614953506
Sm_t00003105-RA	434.694041834397	-0.89204848901543	0.128757878367525	-2.38469671066646	0.0170932068417146	0.0409578020093904
Sm_t00005832-RA	4107.56690357103	-0.890793446844771	0.0998279582165336	-3.06320446003197	0.00218980386755315	0.00591691043401467
Sm_t00007910-RA	1521.60846176875	-0.890047800091901	0.0903316184887333	-3.37697702305586	0.000732871718331678	0.00209726457377926
Sm_t00012808-RA	3965.17831058013	-0.888724943234657	0.130047168866407	-2.33549831097564	0.0195174040352703	0.0463862057953393
Sm_t00000094-RA	1239.29265701983	-0.884709440345226	0.100896215695805	-2.97047256211105	0.00297341965570927	0.00791739524053789
Sm_t00000037-RA	821.391315559339	-0.884343443499803	0.123555910630762	-2.42273673490512	0.0154040854379169	0.0371616589753541
Sm_t00005880-RA	1012.73564616219	-0.883597228049678	0.0872950703245003	-3.42055086203274	0.000624944484802716	0.00180421581071814
Sm_t00012588-RA	465.059775885512	-0.881464511411695	0.12133217661363	-2.44341212435144	0.0145491123100474	0.035226615241391
Sm_t00009019-RA	1414.56768376411	-0.880625862630559	0.123426807557962	-2.39515117079999	0.0166135140621289	0.0398926782673453
Sm_t00010772-RA	32776.3458679126	-0.879551497433798	0.109524971972247	-2.68935469354365	0.00715903068539391	0.0181211264484564
Sm_t00002727-RA	937.092197733248	-0.879226924998419	0.115434379653494	-2.54886738146484	0.0108073389211174	0.0266551157459244
Sm_t00012395-RA	406.51385472763	-0.878853392561357	0.108041441930476	-2.71982109189592	0.00653172455012721	0.0166216724039137
Sm_t00000839-RA	1877.04950909652	-0.874692280170146	0.109200292147584	-2.65285261122405	0.00798147140811336	0.0200778240284434
Sm_t00019927-RA	338.564878426218	-0.870925278314775	0.115219692102049	-2.48156606825101	0.0130806458833642	0.031865662346458
Sm_t00004756-RA	835.424605950863	-0.870790509722209	0.0988835208095416	-2.89017328046669	0.00385029528654754	0.0101148429085805
Sm_t00000713-RA	1276.0248406179	-0.870436913053416	0.101550652984049	-2.81078363029581	0.00494210083580971	0.0127814804724295
Sm_t00009463-RA	3461.66185574445	-0.86999626256579	0.0915929025907907	-3.11155400150454	0.00186105432158097	0.00507970553644041
Sm_t00003305-RA	466.697816753755	-0.867315962165429	0.121670432890475	-2.32033334195141	0.020322851776166	0.0481082940013319
Sm_t00002680-RA	1033.08718394805	-0.866523724084857	0.096237602335999	-2.92529860731526	0.00344125838048212	0.00908470397814124
Sm_t00021503-RA	1606.04344489225	-0.865521026394494	0.0972387215056492	-2.88486954631748	0.00391575884964101	0.0102787127194012
Sm_t00008699-RA	558.508574915805	-0.864925896958726	0.120917961168032	-2.31500675544578	0.0206125623691908	0.0487386889916225
Sm_t00008344-RA	466.068958546475	-0.859844201246142	0.116999516459609	-2.34910544558553	0.0188185766605413	0.0448212539335568
Sm_t00003328-RA	1039.25627886414	-0.857642816150991	0.100027576849558	-2.72567650580046	0.00641698563265434	0.0163446707444581
Sm_t00006884-RA	1241.32191042825	-0.855618047426412	0.109976656506157	-2.46068625855398	0.0138671571707577	0.0336586192846397
Sm_t00012459-RA	835.400370584852	-0.85547263855051	0.116160774214583	-2.32843350416094	0.0198890963238148	0.0471686455811656
Sm_t00014982-RA	1545.10240523543	-0.846960019562764	0.0872379848205359	-3.00282061881258	0.00267490046636388	0.00716259314719329
Sm_t00014768-RA	744.883906354896	-0.842199972458439	0.0949869307125063	-2.70774063894008	0.00677429399076547	0.01720216300277
Sm_t00005546-RA	12105.893011992	-0.841485832837453	0.109581266179706	-2.34059928105625	0.0192528188089901	0.0457965808539422
Sm_t00005756-RA	1748.1748187008	-0.837226513349874	0.102001069720154	-2.47278302121608	0.0134065512208713	0.0325833571983184
Sm_t00013487-RA	7114.17826558893	-0.836558422629014	0.0952825383021609	-2.64013141454386	0.00828738847876692	0.020806528602758
Sm_t00009622-RA	1525.37248855176	-0.82243328771482	0.092501126372657	-2.56681509756193	0.0102637326160389	0.0254008702894036
Sm_t00003258-RA	2169.89294715635	-0.818581434786243	0.0898556752464391	-2.59951788404706	0.00933548139130965	0.0232521604390604
Sm_t00018424-RA	1753.94002677214	-0.814757601962126	0.0935859335428962	-2.45504418521202	0.0140867272611618	0.0341567252862348
