|   Sample   | Strain | Overall alignment | 0 times | 1 time | >1 times |
|------------|--------|-------------------|---------|--------|----------|
| P18257_101 |   R05  |       83.82       |  16.18  |  30.19 |   53.63  |
| P18257_102 |   R05  |       84.18       |  15.82  |  30.34 |   53.84  |
| P18257_103 |   R05  |       86.39       |  13.61  |  30.95 |   55.44  |
| P18257_104 |  GF04  |       82.46       |  17.54  |  30.51 |   51.94  |
| P18257_105 |  GF04  |       77.28       |  22.72  |  28.59 |   48.68  |
| P18257_106 |  GF04  |       81.10       |  18.90  |  30.72 |   50.38  |
| P18257_107 |   R05  |       81.44       |  18.56  |  31.40 |   50.04  |
| P18257_108 |   R05  |       81.76       |  18.24  |  32.66 |   49.10  |
| P18257_109 |   R05  |       82.66       |  17.34  |  32.24 |   50.42  |
| P18257_111 |  GF04  |       79.09       |  20.91  |  29.99 |   49.11  |
| P18257_112 |  GF04  |       78.27       |  21.73  |  30.46 |   47.81  |
| P18257_113 |   R05  |       81.91       |  18.09  |  29.99 |   51.93  |
| P18257_114 |   R05  |       80.30       |  19.70  |  30.79 |   49.52  |
| P18257_115 |   R05  |       80.07       |  19.93  |  30.35 |   49.72  |
| P18257_116 |  GF04  |       80.17       |  19.83  |  29.46 |   50.71  |
| P18257_117 |  GF04  |       78.48       |  21.52  |  29.01 |   49.47  |
| P18257_118 |  GF04  |       78.37       |  21.63  |  28.86 |   49.51  |
| P18257_119 |   R05  |       83.81       |  16.19  |  31.18 |   52.63  |
| P18257_120 |   R05  |       83.75       |  16.25  |  31.08 |   52.66  |
| P18257_121 |   R05  |       82.32       |  17.68  |  30.54 |   51.78  |
| P18257_122 |  GF04  |       77.50       |  22.50  |  28.02 |   49.48  |
| P18257_123 |  GF04  |       74.66       |  25.34  |  27.27 |   47.39  |
| P18257_124 |  GF04  |       80.35       |  19.65  |  29.12 |   51.24  |
| P18257_125 |   R05  |       83.19       |  16.81  |  31.63 |   51.56  |
| P18257_126 |   R05  |       83.17       |  16.83  |  31.78 |   51.39  |
| P18257_127 |   R05  |       83.36       |  16.64  |  31.66 |   51.70  |
| P18257_128 |  GF04  |       75.08       |  24.92  |  27.62 |   47.46  |
| P18257_129 |  GF04  |       78.90       |  21.10  |  29.03 |   49.87  |
| P18257_130 |  GF04  |       75.32       |  24.68  |  27.79 |   47.53  |
| P18257_131 |   R05  |       76.92       |  23.08  |  30.07 |   46.85  |
| P18257_132 |   R05  |       77.98       |  22.02  |  30.19 |   47.80  |
| P18257_133 |   R05  |       83.97       |  16.03  |  32.13 |   51.84  |
| P18257_134 |  GF04  |       75.27       |  24.73  |  27.37 |   47.90  |
| P18257_135 |  GF04  |       76.96       |  23.04  |  28.27 |   48.69  |
| P18257_136 |  GF04  |       80.46       |  19.54  |  29.48 |   50.99  |
| P18257_138 |   R05  |       78.97       |  21.03  |  28.97 |   50.00  |
| P18257_139 |   R05  |       79.93       |  20.07  |  29.30 |   50.63  |
| P18257_140 |  GF04  |       80.50       |  19.50  |  30.28 |   50.22  |
| P18257_141 |  GF04  |       78.22       |  21.78  |  29.63 |   48.59  |
| P18257_201 |  GF04  |       73.91       |  26.09  |  28.45 |   45.46  |
